frame,time_s,frame_ms,fps
1,0.006173,6.173000,161.995788
2,0.083524,77.351000,12.928081
3,0.093898,10.374000,96.394833
4,0.117556,23.658000,42.269000
5,0.118567,1.011000,989.119683
6,0.178814,60.247000,16.598337
7,0.179415,0.601000,1663.893511
8,0.185411,5.996000,166.777852
9,0.189319,3.908000,255.885363
10,0.212134,22.815000,43.830813
11,0.235115,22.981000,43.514207
12,0.262108,26.993000,37.046642
13,0.262710,0.602000,1661.129568
14,0.266315,3.605000,277.392510
15,0.308260,41.945000,23.840744
16,0.308891,0.631000,1584.786054
17,0.312866,3.975000,251.572327
18,0.319900,7.034000,142.166619
19,0.326287,6.387000,156.568029
20,0.332944,6.657000,150.217816
21,0.346740,13.796000,72.484778
22,0.360850,14.110000,70.871722
23,0.373026,12.176000,82.128778
24,0.386403,13.377000,74.755177
25,0.400582,14.179000,70.526835
26,0.413322,12.740000,78.492936
27,0.426106,12.784000,78.222778
28,0.441535,15.429000,64.813014
29,0.453095,11.560000,86.505190
30,0.466069,12.974000,77.077231
31,0.479598,13.529000,73.915293
32,0.492746,13.148000,76.057195
33,0.506047,13.301000,75.182317
34,0.519828,13.781000,72.563675
35,0.533390,13.562000,73.735437
36,0.546219,12.829000,77.948398
37,0.551685,5.466000,182.949140
38,0.573496,21.811000,45.848425
39,0.586230,12.734000,78.529920
40,0.600672,14.442000,69.242487
41,0.612943,12.271000,81.492951
42,0.618823,5.880000,170.068027
43,0.640002,21.179000,47.216582
44,0.652931,12.929000,77.345502
45,0.666655,13.724000,72.865054
46,0.679849,13.194000,75.792027
47,0.685272,5.423000,184.399779
48,0.706835,21.563000,46.375736
49,0.719810,12.975000,77.071291
50,0.733675,13.865000,72.124053
51,0.746463,12.788000,78.198311
52,0.751949,5.486000,182.282173
53,0.773448,21.499000,46.513791
54,0.786540,13.092000,76.382524
55,0.800234,13.694000,73.024682
56,0.813101,12.867000,77.718194
57,0.818577,5.476000,182.615047
58,0.840858,22.281000,44.881289
59,0.853180,12.322000,81.155657
60,0.867680,14.500000,68.965517
61,0.879540,11.860000,84.317032
62,0.885201,5.661000,176.647235
63,0.907920,22.719000,44.016022
64,0.919903,11.983000,83.451556
65,0.933216,13.313000,75.114550
66,0.946147,12.931000,77.333540
67,0.951719,5.572000,179.468772
68,0.973482,21.763000,45.949547
69,0.987431,13.949000,71.689727
70,1.000313,12.882000,77.627698
71,1.012842,12.529000,79.814830
72,1.027563,14.721000,67.930168
73,1.039830,12.267000,81.519524
74,1.052904,13.074000,76.487685
75,1.066495,13.591000,73.578103
76,1.079768,13.273000,75.340918
77,1.092683,12.915000,77.429346
78,1.107021,14.338000,69.744734
79,1.119587,12.566000,79.579819
80,1.134209,14.622000,68.390097
81,1.146083,11.874000,84.217618
82,1.151766,5.683000,175.963400
83,1.173042,21.276000,47.001316
84,1.186687,13.645000,73.286918
85,1.199757,13.070000,76.511094
86,1.212761,13.004000,76.899416
87,1.218109,5.348000,186.985789
88,1.240902,22.793000,43.873119
89,1.252726,11.824000,84.573748
90,1.266736,14.010000,71.377587
91,1.279393,12.657000,79.007664
92,1.285132,5.739000,174.246384
93,1.306676,21.544000,46.416636
94,1.319665,12.989000,76.988221
95,1.333152,13.487000,74.145473
96,1.346787,13.635000,73.340667
97,1.351952,5.165000,193.610842
98,1.373230,21.278000,46.996898
99,1.386131,12.901000,77.513371
100,1.400153,14.022000,71.316503
101,1.412749,12.596000,79.390283
102,1.418430,5.681000,176.025348
103,1.439771,21.341000,46.858160
104,1.452856,13.085000,76.423386
105,1.466382,13.526000,73.931687
106,1.479527,13.145000,76.074553
107,1.485020,5.493000,182.049882
108,1.506495,21.475000,46.565774
109,1.519417,12.922000,77.387401
110,1.534519,15.102000,66.216395
111,1.546296,11.777000,84.911268
112,1.552064,5.768000,173.370319
113,1.573083,21.019000,47.576003
114,1.593372,20.289000,49.287791
115,1.599977,6.605000,151.400454
116,1.612960,12.983000,77.023800
117,1.618478,5.518000,181.225082
118,1.639997,21.519000,46.470561
119,1.653182,13.185000,75.843762
120,1.666762,13.580000,73.637703
121,1.679736,12.974000,77.077231
122,1.685494,5.758000,173.671414
123,1.706715,21.221000,47.123133
124,1.720567,13.852000,72.191741
125,1.726607,6.040000,165.562914
126,1.749419,22.812000,43.836577
127,1.759674,10.255000,97.513408
128,1.765080,5.406000,184.979652
129,1.786473,21.393000,46.744262
130,1.800208,13.735000,72.806698
131,1.813673,13.465000,74.266617
132,1.826165,12.492000,80.051233
133,1.839821,13.656000,73.227885
134,1.852844,13.023000,76.787223
135,1.866318,13.474000,74.217011
136,1.879554,13.236000,75.551526
137,1.885048,5.494000,182.016746
138,1.906418,21.370000,46.794572
139,1.919496,13.078000,76.464291
140,1.933337,13.841000,72.249115
141,1.946021,12.684000,78.839483
142,1.951669,5.648000,177.053824
143,1.973020,21.351000,46.836214
144,1.986665,13.645000,73.286918
145,1.999956,13.291000,75.238883
146,2.012840,12.884000,77.615647
147,2.018336,5.496000,181.950509
148,2.039691,21.355000,46.827441
149,2.052720,13.029000,76.751861
150,2.066624,13.904000,71.921749
151,2.079409,12.785000,78.216660
152,2.085179,5.770000,173.310225
153,2.106378,21.199000,47.172036
154,2.119444,13.066000,76.534517
155,2.133096,13.652000,73.249341
156,2.146066,12.970000,77.101002
157,2.151620,5.554000,180.050414
158,2.173190,21.570000,46.360686
159,2.186085,12.895000,77.549438
160,2.199840,13.755000,72.700836
161,2.212852,13.012000,76.852136
162,2.220812,7.960000,125.628141
163,2.239727,18.915000,52.868094
164,2.252800,13.073000,76.493536
165,2.266277,13.477000,74.200490
166,2.279483,13.206000,75.723156
167,2.285290,5.807000,172.205958
168,2.306378,21.088000,47.420334
169,2.319358,12.980000,77.041602
170,2.333066,13.708000,72.950102
171,2.346072,13.006000,76.887590
172,2.351830,5.758000,173.671414
173,2.372987,21.157000,47.265680
174,2.386169,13.182000,75.861023
175,2.399862,13.693000,73.030015
176,2.412783,12.921000,77.393391
177,2.418256,5.473000,182.715147
178,2.439782,21.526000,46.455449
179,2.452640,12.858000,77.772593
180,2.468064,15.424000,64.834025
181,2.479285,11.221000,89.118617
182,2.484876,5.591000,178.858880
183,2.506496,21.620000,46.253469
184,2.519578,13.082000,76.440911
185,2.533014,13.436000,74.426913
186,2.546162,13.148000,76.057195
187,2.551602,5.440000,183.823529
188,2.573598,21.996000,45.462811
189,2.586006,12.408000,80.593166
190,2.599840,13.834000,72.285673
191,2.612663,12.823000,77.984871
192,2.618326,5.663000,176.584849
193,2.639610,21.284000,46.983650
194,2.652854,13.244000,75.505889
195,2.666663,13.809000,72.416540
196,2.680004,13.341000,74.956900
197,2.692723,12.719000,78.622533
198,2.706379,13.656000,73.227885
199,2.719773,13.394000,74.660296
200,2.733518,13.745000,72.753729
201,2.746328,12.810000,78.064012
202,2.759332,13.004000,76.899416
203,2.774019,14.687000,68.087424
204,2.785943,11.924000,83.864475
205,2.799352,13.409000,74.576777
206,2.812889,13.537000,73.871611
207,2.818700,5.811000,172.087420
208,2.839595,20.895000,47.858339
209,2.852796,13.201000,75.751837
210,2.866316,13.520000,73.964497
211,2.879466,13.150000,76.045627
212,2.884999,5.533000,180.733779
213,2.906268,21.269000,47.016785
214,2.919313,13.045000,76.657723
215,2.933080,13.767000,72.637466
216,2.945979,12.899000,77.525390
217,2.960233,14.254000,70.155746
218,2.973026,12.793000,78.167748
219,2.986061,13.035000,76.716532
220,2.999293,13.232000,75.574365
221,3.012790,13.497000,74.090539
222,3.018428,5.638000,177.367861
223,3.039620,21.192000,47.187618
224,3.052563,12.943000,77.261840
225,3.066313,13.750000,72.727273
226,3.079178,12.865000,77.730276
227,3.084887,5.709000,175.162025
228,3.106169,21.282000,46.988065
229,3.119318,13.149000,76.051411
230,3.132928,13.610000,73.475386
231,3.146099,13.171000,75.924379
232,3.151545,5.446000,183.621006
233,3.173059,21.514000,46.481361
234,3.185949,12.890000,77.579519
235,3.206679,20.730000,48.239267
236,3.212749,6.070000,164.744646
237,3.221446,8.697000,114.982178
238,3.225844,4.398000,227.376080
239,3.231108,5.264000,189.969605
240,3.231341,0.233000,4291.845494
241,3.231359,0.018000,55555.555556
242,3.239068,7.709000,129.718511
243,3.246184,7.116000,140.528387
244,3.252701,6.517000,153.444837
245,3.259565,6.864000,145.687646
246,3.266688,7.123000,140.390285
247,3.273387,6.699000,149.276011
248,3.279982,6.595000,151.630023
249,3.287332,7.350000,136.054422
250,3.294236,6.904000,144.843569
251,3.294768,0.532000,1879.699248
252,3.298216,3.448000,290.023202
253,3.306609,8.393000,119.146908
254,3.326638,20.029000,49.927605
255,3.335895,9.257000,108.026358
256,3.345948,10.053000,99.472794
257,3.359253,13.305000,75.159714
258,3.372427,13.174000,75.907090
259,3.385901,13.474000,74.217011
260,3.399190,13.289000,75.250207
261,3.412344,13.154000,76.022503
262,3.425827,13.483000,74.167470
263,3.439423,13.596000,73.551044
264,3.452413,12.990000,76.982294
265,3.465984,13.571000,73.686537
266,3.479142,13.158000,75.999392
267,3.492378,13.236000,75.551526
268,3.505891,13.513000,74.002812
269,3.519167,13.276000,75.323893
270,3.538834,19.667000,50.846596
271,3.545871,7.037000,142.106011
272,3.560409,14.538000,68.785252
273,3.572375,11.966000,83.570115
274,3.585819,13.444000,74.382624
275,3.599204,13.385000,74.710497
276,3.612297,13.093000,76.376690
277,3.625837,13.540000,73.855244
278,3.639194,13.357000,74.867111
279,3.652363,13.169000,75.935910
280,3.665841,13.478000,74.194984
281,3.679336,13.495000,74.101519
282,3.692285,12.949000,77.226041
283,3.706015,13.730000,72.833212
284,3.719127,13.112000,76.266016
285,3.732638,13.511000,74.013767
286,3.746238,13.600000,73.529412
287,3.759199,12.961000,77.154541
288,3.772457,13.258000,75.426158
289,3.785973,13.516000,73.986387
290,3.799140,13.167000,75.947444
291,3.812489,13.349000,74.911978
292,3.826027,13.538000,73.866155
293,3.839434,13.407000,74.587902
294,3.852259,12.825000,77.972710
295,3.865933,13.674000,73.131490
296,3.879199,13.266000,75.380672
297,3.892435,13.236000,75.551526
298,3.905844,13.409000,74.576777
299,3.919223,13.379000,74.744002
300,3.936256,17.033000,58.709564
301,3.946595,10.339000,96.721153
302,3.959291,12.696000,78.764965
303,3.972311,13.020000,76.804916
304,3.985794,13.483000,74.167470
305,3.999157,13.363000,74.833495
306,4.012275,13.118000,76.231133
307,4.025868,13.593000,73.567277
308,4.039517,13.649000,73.265441
309,4.052378,12.861000,77.754451
310,4.065828,13.450000,74.349442
311,4.079186,13.358000,74.861506
312,4.102547,23.361000,42.806387
313,4.111448,8.901000,112.346927
314,4.119142,7.694000,129.971406
315,4.132362,13.220000,75.642965
316,4.145804,13.442000,74.393691
317,4.159146,13.342000,74.951282
318,4.172195,13.049000,76.634225
319,4.185734,13.539000,73.860699
320,4.199206,13.472000,74.228029
321,4.212395,13.189000,75.820760
322,4.226109,13.714000,72.918186
323,4.239444,13.335000,74.990626
324,4.252269,12.825000,77.972710
325,4.265882,13.613000,73.459193
326,4.279361,13.479000,74.189480
327,4.292529,13.168000,75.941677
328,4.305656,13.127000,76.178868
329,4.318997,13.341000,74.956900
330,4.332103,13.106000,76.300931
331,4.345711,13.608000,73.486185
332,4.359020,13.309000,75.137125
333,4.372182,13.162000,75.976295
334,4.385658,13.476000,74.205996
335,4.399066,13.408000,74.582339
336,4.412239,13.173000,75.912852
337,4.425640,13.401000,74.621297
338,4.439014,13.374000,74.771946
339,4.452128,13.114000,76.254385
340,4.465671,13.543000,73.838884
341,4.479035,13.364000,74.827896
342,4.492158,13.123000,76.202088
343,4.505662,13.504000,74.052133
344,4.518951,13.289000,75.250207
345,4.532135,13.184000,75.849515
346,4.545657,13.522000,73.953557
347,4.559053,13.396000,74.649149
348,4.572188,13.135000,76.132470
349,4.585635,13.447000,74.366030
350,4.599004,13.369000,74.799910
351,4.612118,13.114000,76.254385
352,4.625590,13.472000,74.228029
353,4.639012,13.422000,74.504545
354,4.652138,13.126000,76.184672
355,4.665624,13.486000,74.150971
356,4.678997,13.373000,74.777537
357,4.692170,13.173000,75.912852
358,4.705661,13.491000,74.123490
359,4.719003,13.342000,74.951282
360,4.732123,13.120000,76.219512
361,4.745738,13.615000,73.448402
362,4.759041,13.303000,75.171014
363,4.772177,13.136000,76.126675
364,4.785673,13.496000,74.096028
365,4.799041,13.368000,74.805506
366,4.812206,13.165000,75.958982
367,4.825598,13.392000,74.671446
368,4.839111,13.513000,74.002812
369,4.852146,13.035000,76.716532
370,4.865588,13.442000,74.393691
371,4.878911,13.323000,75.058170
372,4.892100,13.189000,75.820760
373,4.905639,13.539000,73.860699
374,4.918884,13.245000,75.500189
375,4.932062,13.178000,75.884049
376,4.945666,13.604000,73.507792
377,4.959095,13.429000,74.465709
378,4.972249,13.154000,76.022503
379,4.985690,13.441000,74.399226
380,4.998960,13.270000,75.357950
381,5.012123,13.163000,75.970523
382,5.025598,13.475000,74.211503
383,5.038947,13.349000,74.911978
384,5.052103,13.156000,76.010946
385,5.065712,13.609000,73.480785
386,5.078894,13.182000,75.861023
387,5.091943,13.049000,76.634225
388,5.105563,13.620000,73.421439
389,5.118877,13.314000,75.108908
390,5.132230,13.353000,74.889538
391,5.145580,13.350000,74.906367
392,5.158952,13.372000,74.783129
393,5.172229,13.277000,75.318219
394,5.185599,13.370000,74.794316
395,5.198890,13.291000,75.238883
396,5.212227,13.337000,74.979381
397,5.225510,13.283000,75.284198
398,5.239051,13.541000,73.849790
399,5.252125,13.074000,76.487685
400,5.265472,13.347000,74.923204
401,5.278878,13.406000,74.593466
402,5.292091,13.213000,75.683039
403,5.305569,13.478000,74.194984
404,5.318893,13.324000,75.052537
405,5.331987,13.094000,76.370857
406,5.345516,13.529000,73.915293
407,5.358812,13.296000,75.210590
408,5.372015,13.203000,75.740362
409,5.385453,13.438000,74.415836
410,5.398889,13.436000,74.426913
411,5.412035,13.146000,76.068766
412,5.425563,13.528000,73.920757
413,5.438789,13.226000,75.608650
414,5.451990,13.201000,75.751837
415,5.465554,13.564000,73.724565
416,5.478941,13.387000,74.699335
417,5.491958,13.017000,76.822617
418,5.505538,13.580000,73.637703
419,5.518884,13.346000,74.928818
420,5.532024,13.140000,76.103501
421,5.545568,13.544000,73.833432
422,5.558937,13.369000,74.799910
423,5.571989,13.052000,76.616610
424,5.585646,13.657000,73.222523
425,5.598875,13.229000,75.591504
426,5.612165,13.290000,75.244545
427,5.625556,13.391000,74.677022
428,5.638793,13.237000,75.545819
429,5.652074,13.281000,75.295535
430,5.665631,13.557000,73.762632
431,5.678847,13.216000,75.665860
432,5.692134,13.287000,75.261534
433,5.705669,13.535000,73.882527
434,5.718881,13.212000,75.688768
435,5.732017,13.136000,76.126675
436,5.745604,13.587000,73.599764
437,5.758867,13.263000,75.397723
438,5.772023,13.156000,76.010946
439,5.785589,13.566000,73.713696
440,5.798846,13.257000,75.431847
441,5.812027,13.181000,75.866778
442,5.825606,13.579000,73.643125
443,5.838865,13.259000,75.420469
444,5.852054,13.189000,75.820760
445,5.865499,13.445000,74.377092
446,5.878867,13.368000,74.805506
447,5.891920,13.053000,76.610741
448,5.905625,13.705000,72.966071
449,5.919091,13.466000,74.261102
450,5.932215,13.124000,76.196282
451,5.948970,16.755000,59.683677
452,5.960749,11.779000,84.896850
453,5.972145,11.396000,87.750088
454,5.985520,13.375000,74.766355
455,5.998820,13.300000,75.187970
456,6.012417,13.597000,73.545635
457,6.026047,13.630000,73.367572
458,6.038769,12.722000,78.603993
459,6.052041,13.272000,75.346594
460,6.065558,13.517000,73.980913
461,6.078810,13.252000,75.460308
462,6.091905,13.095000,76.365025
463,6.105453,13.548000,73.811633
464,6.118763,13.310000,75.131480
465,6.131901,13.138000,76.115086
466,6.145469,13.568000,73.702830
467,6.158708,13.239000,75.534406
468,6.171838,13.130000,76.161462
469,6.185403,13.565000,73.719130
470,6.198839,13.436000,74.426913
471,6.212017,13.178000,75.884049
472,6.225455,13.438000,74.415836
473,6.238747,13.292000,75.233223
474,6.251899,13.152000,76.034063
475,6.265446,13.547000,73.817081
476,6.278827,13.381000,74.732830
477,6.291831,13.004000,76.899416
478,6.305445,13.614000,73.453798
479,6.318758,13.313000,75.114550
480,6.332035,13.277000,75.318219
481,6.345361,13.326000,75.041273
482,6.358772,13.411000,74.565655
483,6.371887,13.115000,76.248570
484,6.385358,13.471000,74.233539
485,6.398765,13.407000,74.587902
486,6.411892,13.127000,76.178868
487,6.425428,13.536000,73.877069
488,6.438697,13.269000,75.363630
489,6.451845,13.148000,76.057195
490,6.465495,13.650000,73.260073
491,6.478782,13.287000,75.261534
492,6.491868,13.086000,76.417545
493,6.505371,13.503000,74.057617
494,6.518698,13.327000,75.035642
495,6.531877,13.179000,75.878291
496,6.545549,13.672000,73.142188
497,6.558666,13.117000,76.236944
498,6.571854,13.188000,75.826509
499,6.585416,13.562000,73.735437
500,6.598784,13.368000,74.805506
501,6.611870,13.086000,76.417545
502,6.625522,13.652000,73.249341
503,6.638791,13.269000,75.363630
504,6.651782,12.991000,76.976368
505,6.665603,13.821000,72.353665
506,6.678747,13.144000,76.080341
507,6.692007,13.260000,75.414781
508,6.705425,13.418000,74.526755
509,6.718703,13.278000,75.312547
510,6.731947,13.244000,75.505889
511,6.745536,13.589000,73.588932
512,6.758928,13.392000,74.671446
513,6.771904,12.976000,77.065351
514,6.785390,13.486000,74.150971
515,6.798812,13.422000,74.504545
516,6.812067,13.255000,75.443229
517,6.825615,13.548000,73.811633
518,6.838718,13.103000,76.318400
519,6.852304,13.586000,73.605182
520,6.865471,13.167000,75.947444
521,6.878913,13.442000,74.393691
522,6.891860,12.947000,77.237970
523,6.905380,13.520000,73.964497
524,6.918687,13.307000,75.148418
525,6.931828,13.141000,76.097709
526,6.945713,13.885000,72.020166
527,6.958825,13.112000,76.266016
528,6.971967,13.142000,76.091919
529,6.985430,13.463000,74.277650
530,6.998569,13.139000,76.109293
531,7.011772,13.203000,75.740362
532,7.025330,13.558000,73.757191
533,7.038651,13.321000,75.069439
534,7.051794,13.143000,76.086129
535,7.065326,13.532000,73.898906
536,7.078624,13.298000,75.199278
537,7.091815,13.191000,75.809264
538,7.105285,13.470000,74.239050
539,7.118595,13.310000,75.131480
540,7.131714,13.119000,76.225322
541,7.145332,13.618000,73.432222
542,7.158665,13.333000,75.001875
543,7.171781,13.116000,76.242757
544,7.185305,13.524000,73.942621
545,7.198682,13.377000,74.755177
546,7.211876,13.194000,75.792027
547,7.225254,13.378000,74.749589
548,7.238588,13.334000,74.996250
549,7.251728,13.140000,76.103501
550,7.265237,13.509000,74.024724
551,7.278732,13.495000,74.101519
552,7.291756,13.024000,76.781327
553,7.305276,13.520000,73.964497
554,7.318593,13.317000,75.091988
555,7.331734,13.141000,76.097709
556,7.345338,13.604000,73.507792
557,7.358525,13.187000,75.832259
558,7.371768,13.243000,75.511591
559,7.385249,13.481000,74.178473
560,7.398560,13.311000,75.125836
561,7.411714,13.154000,76.022503
562,7.425250,13.536000,73.877069
563,7.438643,13.393000,74.665870
564,7.451758,13.115000,76.248570
565,7.465247,13.489000,74.134480
566,7.478494,13.247000,75.488790
567,7.491689,13.195000,75.786283
568,7.505129,13.440000,74.404762
569,7.518420,13.291000,75.238883
570,7.531565,13.145000,76.074553
571,7.545181,13.616000,73.443008
572,7.558566,13.385000,74.710497
573,7.571771,13.205000,75.728891
574,7.585277,13.506000,74.041167
575,7.598452,13.175000,75.901328
576,7.615558,17.106000,58.459020
577,7.626732,11.174000,89.493467
578,7.638462,11.730000,85.251492
579,7.651688,13.226000,75.608650
580,7.665278,13.590000,73.583517
581,7.678404,13.126000,76.184672
582,7.691699,13.295000,75.216247
583,7.705147,13.448000,74.360500
584,7.718446,13.299000,75.193624
585,7.731680,13.234000,75.562944
586,7.745199,13.519000,73.969968
587,7.758433,13.234000,75.562944
588,7.771707,13.274000,75.335242
589,7.785146,13.439000,74.410298
590,7.798525,13.379000,74.744002
591,7.811657,13.132000,76.149863
592,7.825084,13.427000,74.476800
593,7.838470,13.386000,74.704916
594,7.851568,13.098000,76.347534
595,7.865080,13.512000,74.008289
596,7.878439,13.359000,74.855902
597,7.891657,13.218000,75.654411
598,7.905189,13.532000,73.898906
599,7.918513,13.324000,75.052537
600,7.931549,13.036000,76.710647
601,7.945207,13.658000,73.217162
602,7.958486,13.279000,75.306876
603,7.971704,13.218000,75.654411
604,7.985193,13.489000,74.134480
605,7.998461,13.268000,75.369310
606,8.011636,13.175000,75.901328
607,8.025105,13.469000,74.244562
608,8.038456,13.351000,74.900756
609,8.051650,13.194000,75.792027
610,8.065151,13.501000,74.068588
611,8.078461,13.310000,75.131480
612,8.091573,13.112000,76.266016
613,8.105120,13.547000,73.817081
614,8.118413,13.293000,75.227563
615,8.131677,13.264000,75.392039
616,8.145254,13.577000,73.653974
617,8.158421,13.167000,75.947444
618,8.171664,13.243000,75.511591
619,8.185227,13.563000,73.730001
620,8.198506,13.279000,75.306876
621,8.211621,13.115000,76.248570
622,8.225130,13.509000,74.024724
623,8.238511,13.381000,74.732830
624,8.251582,13.071000,76.505241
625,8.264993,13.411000,74.565655
626,8.278400,13.407000,74.587902
627,8.291496,13.096000,76.359194
628,8.305091,13.595000,73.556455
629,8.318485,13.394000,74.660296
630,8.331656,13.171000,75.924379
631,8.345191,13.535000,73.882527
632,8.358462,13.271000,75.352272
633,8.371586,13.124000,76.196282
634,8.385023,13.437000,74.421374
635,8.398428,13.405000,74.599030
636,8.411592,13.164000,75.964752
637,8.425571,13.979000,71.535875
638,8.438427,12.856000,77.784692
639,8.451642,13.215000,75.671585
640,8.465071,13.429000,74.465709
641,8.478468,13.397000,74.643577
642,8.491546,13.078000,76.464291
643,8.505228,13.682000,73.088730
644,8.518351,13.123000,76.202088
645,8.531575,13.224000,75.620085
646,8.545139,13.564000,73.724565
647,8.558459,13.320000,75.075075
648,8.571529,13.070000,76.511094
649,8.585068,13.539000,73.860699
650,8.598537,13.469000,74.244562
651,8.611496,12.959000,77.166448
652,8.625013,13.517000,73.980913
653,8.638307,13.294000,75.221905
654,8.651580,13.273000,75.340918
655,8.665057,13.477000,74.200490
656,8.678357,13.300000,75.187970
657,8.691580,13.223000,75.625804
658,8.705139,13.559000,73.751752
659,8.718270,13.131000,76.155662
660,8.731420,13.150000,76.045627
661,8.744974,13.554000,73.778958
662,8.758353,13.379000,74.744002
663,8.771451,13.098000,76.347534
664,8.784997,13.546000,73.822531
665,8.798270,13.273000,75.340918
666,8.811622,13.352000,74.895147
667,8.825036,13.414000,74.548979
668,8.838359,13.323000,75.058170
669,8.851423,13.064000,76.546234
670,8.865072,13.649000,73.265441
671,8.878380,13.308000,75.142771
672,8.891411,13.031000,76.740081
673,8.905026,13.615000,73.448402
674,8.918275,13.249000,75.477395
675,8.931507,13.232000,75.574365
676,8.945096,13.589000,73.588932
677,8.958350,13.254000,75.448921
678,8.971625,13.275000,75.329567
679,8.984984,13.359000,74.855902
680,8.998352,13.368000,74.805506
681,9.011942,13.590000,73.583517
682,9.025062,13.120000,76.219512
683,9.038283,13.221000,75.637244
684,9.051470,13.187000,75.832259
685,9.064960,13.490000,74.128984
686,9.078365,13.405000,74.599030
687,9.091429,13.064000,76.546234
688,9.105053,13.624000,73.399883
689,9.118177,13.124000,76.196282
690,9.131405,13.228000,75.597218
691,9.144860,13.455000,74.321813
692,9.158316,13.456000,74.316290
693,9.171519,13.203000,75.740362
694,9.185000,13.481000,74.178473
695,9.198294,13.294000,75.221905
696,9.211557,13.263000,75.397723
697,9.225242,13.685000,73.072707
698,9.239689,14.447000,69.218523
699,9.251512,11.823000,84.580902
700,9.265024,13.512000,74.008289
701,9.278320,13.296000,75.210590
702,9.291433,13.113000,76.260200
703,9.304942,13.509000,74.024724
704,9.318279,13.337000,74.979381
705,9.331442,13.163000,75.970523
706,9.345051,13.609000,73.480785
707,9.358250,13.199000,75.763315
708,9.371496,13.246000,75.494489
709,9.384922,13.426000,74.482348
710,9.398253,13.331000,75.013127
711,9.411420,13.167000,75.947444
712,9.424947,13.527000,73.926222
713,9.438349,13.402000,74.615729
714,9.451542,13.193000,75.797772
715,9.465146,13.604000,73.507792
716,9.478492,13.346000,74.928818
717,9.491388,12.896000,77.543424
718,9.504981,13.593000,73.567277
719,9.518427,13.446000,74.371560
720,9.531504,13.077000,76.470138
721,9.544967,13.463000,74.277650
722,9.558270,13.303000,75.171014
723,9.571482,13.212000,75.688768
724,9.584908,13.426000,74.482348
725,9.598346,13.438000,74.415836
726,9.611453,13.107000,76.295109
727,9.624964,13.511000,74.013767
728,9.638197,13.233000,75.568654
729,9.651661,13.464000,74.272133
730,9.664986,13.325000,75.046904
731,9.678338,13.352000,74.895147
732,9.691342,13.004000,76.899416
733,9.705031,13.689000,73.051355
734,9.718235,13.204000,75.734626
735,9.731456,13.221000,75.637244
736,9.745042,13.586000,73.605182
737,9.758303,13.261000,75.409094
738,9.771496,13.193000,75.797772
739,9.785002,13.506000,74.041167
740,9.798224,13.222000,75.631523
741,9.811452,13.228000,75.597218
742,9.824788,13.336000,74.985003
743,9.838201,13.413000,74.554537
744,9.851397,13.196000,75.780540
745,9.864977,13.580000,73.637703
746,9.878340,13.363000,74.833495
747,9.891349,13.009000,76.869859
748,9.904859,13.510000,74.019245
749,9.918132,13.273000,75.340918
750,9.931361,13.229000,75.591504
751,9.944954,13.593000,73.567277
752,9.958382,13.428000,74.471254
753,9.971361,12.979000,77.047538
754,9.984710,13.349000,74.911978
755,9.998078,13.368000,74.805506
756,10.011463,13.385000,74.710497
757,10.024847,13.384000,74.716079
758,10.038139,13.292000,75.233223
759,10.051266,13.127000,76.178868
760,10.064922,13.656000,73.227885
761,10.078206,13.284000,75.278531
762,10.091251,13.045000,76.657723
763,10.104801,13.550000,73.800738
764,10.118129,13.328000,75.030012
765,10.131251,13.122000,76.207895
766,10.144893,13.642000,73.303035
767,10.158086,13.193000,75.797772
768,10.171334,13.248000,75.483092
769,10.184930,13.596000,73.551044
770,10.198112,13.182000,75.861023
771,10.211293,13.181000,75.866778
772,10.224821,13.528000,73.920757
773,10.238209,13.388000,74.693756
774,10.251290,13.081000,76.446755
775,10.264789,13.499000,74.079561
776,10.278242,13.453000,74.332863
777,10.291264,13.022000,76.793119
778,10.304717,13.453000,74.332863
779,10.318060,13.343000,74.945664
780,10.331216,13.156000,76.010946
781,10.344911,13.695000,73.019350
782,10.358090,13.179000,75.878291
783,10.371372,13.282000,75.289866
784,10.384691,13.319000,75.080712
785,10.397978,13.287000,75.261534
786,10.411369,13.391000,74.677022
787,10.424615,13.246000,75.494489
788,10.437996,13.381000,74.732830
789,10.451105,13.109000,76.283469
790,10.464782,13.677000,73.115449
791,10.478182,13.400000,74.626866
792,10.491209,13.027000,76.763645
793,10.504797,13.588000,73.594348
794,10.517910,13.113000,76.260200
795,10.531221,13.311000,75.125836
796,10.544727,13.506000,74.041167
797,10.557953,13.226000,75.608650
798,10.571127,13.174000,75.907090
799,10.586556,15.429000,64.813014
800,10.598073,11.517000,86.828167
801,10.611289,13.216000,75.665860
802,10.624824,13.535000,73.882527
803,10.638018,13.194000,75.792027
804,10.651190,13.172000,75.918615
805,10.664921,13.731000,72.827908
806,10.678173,13.252000,75.460308
807,10.691274,13.101000,76.330051
808,10.704791,13.517000,73.980913
809,10.717899,13.108000,76.289289
810,10.731221,13.322000,75.063804
811,10.744671,13.450000,74.349442
812,10.758027,13.356000,74.872716
813,10.771352,13.325000,75.046904
814,10.784828,13.476000,74.205996
815,10.798109,13.281000,75.295535
816,10.811195,13.086000,76.417545
817,10.824653,13.458000,74.305246
818,10.837970,13.317000,75.091988
819,10.851162,13.192000,75.803517
820,10.864783,13.621000,73.416049
821,10.878065,13.282000,75.289866
822,10.891107,13.042000,76.675357
823,10.904854,13.747000,72.743144
824,10.918005,13.151000,76.039845
825,10.931134,13.129000,76.167263
826,10.944692,13.558000,73.757191
827,10.958221,13.529000,73.915293
828,10.971139,12.918000,77.411364
829,10.984670,13.531000,73.904368
830,10.997916,13.246000,75.494489
831,11.011048,13.132000,76.149863
832,11.024601,13.553000,73.784402
833,11.038189,13.588000,73.594348
834,11.051365,13.176000,75.895568
835,11.064651,13.286000,75.267199
836,11.078006,13.355000,74.878323
837,11.091268,13.262000,75.403408
838,11.104609,13.341000,74.956900
839,11.117979,13.370000,74.794316
840,11.131101,13.122000,76.207895
841,11.144743,13.642000,73.303035
842,11.157906,13.163000,75.970523
843,11.171135,13.229000,75.591504
844,11.184716,13.581000,73.632280
845,11.198133,13.417000,74.532310
846,11.211056,12.923000,77.381413
847,11.224602,13.546000,73.822531
848,11.237935,13.333000,75.001875
849,11.251038,13.103000,76.318400
850,11.264730,13.692000,73.035349
851,11.278003,13.273000,75.340918
852,11.291207,13.204000,75.734626
853,11.304740,13.533000,73.893446
854,11.318026,13.286000,75.267199
855,11.331001,12.975000,77.071291
856,11.344608,13.607000,73.491585
857,11.357796,13.188000,75.826509
858,11.371114,13.318000,75.086349
859,11.384569,13.455000,74.321813
860,11.397900,13.331000,75.013127
861,11.411112,13.212000,75.688768
862,11.424557,13.445000,74.377092
863,11.437956,13.399000,74.632435
864,11.452289,14.333000,69.769064
865,11.464978,12.689000,78.808417
866,11.477991,13.013000,76.846231
867,11.491069,13.078000,76.464291
868,11.504625,13.556000,73.768073
869,11.517990,13.365000,74.822297
870,11.531106,13.116000,76.242757
871,11.544643,13.537000,73.871611
872,11.557968,13.325000,75.046904
873,11.571085,13.117000,76.236944
874,11.584658,13.573000,73.675680
875,11.597901,13.243000,75.511591
876,11.611441,13.540000,73.855244
877,11.624558,13.117000,76.236944
878,11.637882,13.324000,75.052537
879,11.651007,13.125000,76.190476
880,11.664421,13.414000,74.548979
881,11.677805,13.384000,74.716079
882,11.690921,13.116000,76.242757
883,11.704574,13.653000,73.243976
884,11.718108,13.534000,73.887986
885,11.731032,12.924000,77.375426
886,11.744760,13.728000,72.843823
887,11.758016,13.256000,75.437538
888,11.770951,12.935000,77.309625
889,11.784453,13.502000,74.063102
890,11.797892,13.439000,74.410298
891,11.811005,13.113000,76.260200
892,11.824687,13.682000,73.088730
893,11.838032,13.345000,74.934432
894,11.850857,12.825000,77.972710
895,11.864688,13.831000,72.301352
896,11.878148,13.460000,74.294205
897,11.891063,12.915000,77.429346
898,11.904739,13.676000,73.120796
899,11.917977,13.238000,75.540112
900,11.931160,13.183000,75.855268
901,11.944449,13.289000,75.250207
902,11.957627,13.178000,75.884049
903,11.970945,13.318000,75.086349
904,11.984405,13.460000,74.294205
905,11.998056,13.651000,73.254707
906,12.011313,13.257000,75.431847
907,12.024783,13.470000,74.239050
908,12.038101,13.318000,75.086349
909,12.051221,13.120000,76.219512
910,12.064975,13.754000,72.706122
911,12.078115,13.140000,76.103501
912,12.091060,12.945000,77.249903
913,12.105019,13.959000,71.638370
914,12.118080,13.061000,76.563816
915,12.131300,13.220000,75.642965
916,12.144855,13.555000,73.773515
917,12.158945,14.090000,70.972321
918,12.171217,12.272000,81.486310
919,12.184814,13.597000,73.545635
920,12.198423,13.609000,73.480785
921,12.211266,12.843000,77.863428
922,12.224850,13.584000,73.616019
923,12.238270,13.420000,74.515648
924,12.251348,13.078000,76.464291
925,12.265422,14.074000,71.053006
926,12.278312,12.890000,77.579519
927,12.291634,13.322000,75.063804
928,12.305322,13.688000,73.056692
929,12.318097,12.775000,78.277886
930,12.331616,13.519000,73.969968
931,12.345003,13.387000,74.699335
932,12.358227,13.224000,75.620085
933,12.371200,12.973000,77.083173
934,12.384870,13.670000,73.152890
935,12.398042,13.172000,75.918615
936,12.411182,13.140000,76.103501
937,12.424657,13.475000,74.211503
938,12.437869,13.212000,75.688768
939,12.451262,13.393000,74.665870
940,12.464956,13.694000,73.024682
941,12.478021,13.065000,76.540375
942,12.491193,13.172000,75.918615
943,12.504777,13.584000,73.616019
944,12.517891,13.114000,76.254385
945,12.531104,13.213000,75.683039
946,12.544661,13.557000,73.762632
947,12.558180,13.519000,73.969968
948,12.571055,12.875000,77.669903
949,12.584794,13.739000,72.785501
950,12.597999,13.205000,75.728891
951,12.611249,13.250000,75.471698
952,12.624718,13.469000,74.244562
953,12.638101,13.383000,74.721662
954,12.651164,13.063000,76.552094
955,12.664918,13.754000,72.706122
956,12.678291,13.373000,74.777537
957,12.691011,12.720000,78.616352
958,12.704980,13.969000,71.587086
959,12.717959,12.979000,77.047538
960,12.731204,13.245000,75.500189
961,12.745056,13.852000,72.191741
962,12.759307,14.251000,70.170514
963,12.770984,11.677000,85.638435
964,12.785928,14.944000,66.916488
965,12.798245,12.317000,81.188601
966,12.811271,13.026000,76.769538
967,12.824812,13.541000,73.849790
968,12.838257,13.445000,74.377092
969,12.851066,12.809000,78.070107
970,12.864831,13.765000,72.648020
971,12.878158,13.327000,75.035642
972,12.891388,13.230000,75.585790
973,12.905003,13.615000,73.448402
974,12.917900,12.897000,77.537412
975,12.932123,14.223000,70.308655
976,12.944858,12.735000,78.523753
977,12.957966,13.108000,76.289289
978,12.971059,13.093000,76.376690
979,12.984505,13.446000,74.371560
980,12.997728,13.223000,75.625804
981,13.010878,13.150000,76.045627
982,13.024479,13.601000,73.524006
983,13.037601,13.122000,76.207895
984,13.050776,13.175000,75.901328
985,13.064204,13.428000,74.471254
986,13.077523,13.319000,75.080712
987,13.090825,13.302000,75.176665
988,13.104648,13.823000,72.343196
989,13.117493,12.845000,77.851304
990,13.130598,13.105000,76.306753
991,13.144428,13.830000,72.306580
992,13.157532,13.104000,76.312576
993,13.170704,13.172000,75.918615
994,13.184236,13.532000,73.898906
995,13.197618,13.382000,74.727246
996,13.210841,13.223000,75.625804
997,13.224670,13.829000,72.311809
998,13.237899,13.229000,75.591504
999,13.251011,13.112000,76.266016
1000,13.264567,13.556000,73.768073
1001,13.278139,13.572000,73.681108
1002,13.291907,13.768000,72.632191
1003,13.304426,12.519000,79.878585
1004,13.317836,13.410000,74.571216
1005,13.330984,13.148000,76.057195
1006,13.344675,13.691000,73.040684
1007,13.358025,13.350000,74.906367
1008,13.371185,13.160000,75.987842
1009,13.384715,13.530000,73.909830
1010,13.397945,13.230000,75.585790
1011,13.411040,13.095000,76.365025
1012,13.424474,13.434000,74.437993
1013,13.437822,13.348000,74.917591
1014,13.451006,13.184000,75.849515
1015,13.464464,13.458000,74.305246
1016,13.477889,13.425000,74.487896
1017,13.490698,12.809000,78.070107
1018,13.504253,13.555000,73.773515
1019,13.517583,13.330000,75.018755
1020,13.530708,13.125000,76.190476
1021,13.544363,13.655000,73.233248
1022,13.557606,13.243000,75.511591
1023,13.570736,13.130000,76.161462
1024,13.584358,13.622000,73.410659
1025,13.597568,13.210000,75.700227
1026,13.611455,13.887000,72.009793
1027,13.624278,12.823000,77.984871
1028,13.637570,13.292000,75.233223
1029,13.650784,13.214000,75.677312
1030,13.664303,13.519000,73.969968
1031,13.677728,13.425000,74.487896
1032,13.690797,13.069000,76.516949
1033,13.704298,13.501000,74.068588
1034,13.717479,13.181000,75.866778
1035,13.730662,13.183000,75.855268
1036,13.744387,13.725000,72.859745
1037,13.757566,13.179000,75.878291
1038,13.770761,13.195000,75.786283
1039,13.784208,13.447000,74.366030
1040,13.797645,13.437000,74.421374
1041,13.810723,13.078000,76.464291
1042,13.824220,13.497000,74.090539
1043,13.837474,13.254000,75.448921
1044,13.850764,13.290000,75.244545
1045,13.864262,13.498000,74.085050
1046,13.877534,13.272000,75.346594
1047,13.890739,13.205000,75.728891
1048,13.904480,13.741000,72.774907
1049,13.917784,13.304000,75.165364
1050,13.930924,13.140000,76.103501
1051,13.944548,13.624000,73.399883
1052,13.957822,13.274000,75.335242
1053,13.970700,12.878000,77.651809
1054,13.984415,13.715000,72.912869
1055,13.997630,13.215000,75.671585
1056,14.010633,13.003000,76.905330
1057,14.024220,13.587000,73.599764
1058,14.037630,13.410000,74.571216
1059,14.050735,13.105000,76.306753
1060,14.064280,13.545000,73.827981
1061,14.077551,13.271000,75.352272
1062,14.090679,13.128000,76.173065
1063,14.104691,14.012000,71.367399
1064,14.117865,13.174000,75.907090
1065,14.131322,13.457000,74.310768
1066,14.144377,13.055000,76.599004
1067,14.158116,13.739000,72.785501
1068,14.170816,12.700000,78.740157
1069,14.188217,17.401000,57.467962
1070,14.198036,9.819000,101.843365
1071,14.211413,13.377000,74.755177
1072,14.224400,12.987000,77.000077
1073,14.238333,13.933000,71.772052
1074,14.252425,14.092000,70.962248
1075,14.266324,13.899000,71.947622
1076,14.278012,11.688000,85.557837
1077,14.291191,13.179000,75.878291
1078,14.304332,13.141000,76.097709
1079,14.318137,13.805000,72.437523
1080,14.331112,12.975000,77.071291
1081,14.344846,13.734000,72.811999
1082,14.358116,13.270000,75.357950
1083,14.371303,13.187000,75.832259
1084,14.384903,13.600000,73.529412
1085,14.398034,13.131000,76.155662
1086,14.411326,13.292000,75.233223
1087,14.424884,13.558000,73.757191
1088,14.438032,13.148000,76.057195
1089,14.451060,13.028000,76.757753
1090,14.464398,13.338000,74.973759
1091,14.477526,13.128000,76.173065
1092,14.490732,13.206000,75.723156
1093,14.504159,13.427000,74.476800
1094,14.517716,13.557000,73.762632
1095,14.530868,13.152000,76.034063
1096,14.544235,13.367000,74.811102
1097,14.557502,13.267000,75.374991
1098,14.570689,13.187000,75.832259
1099,14.584119,13.430000,74.460164
1100,14.597857,13.738000,72.790799
1101,14.610773,12.916000,77.423351
1102,14.624404,13.631000,73.362189
1103,14.638056,13.652000,73.249341
1104,14.651043,12.987000,77.000077
1105,14.664629,13.586000,73.605182
1106,14.677626,12.997000,76.940832
1107,14.690671,13.045000,76.657723
1108,14.704205,13.534000,73.887986
1109,14.717683,13.478000,74.194984
1110,14.730781,13.098000,76.347534
1111,14.744323,13.542000,73.844336
1112,14.757482,13.159000,75.993617
1113,14.770781,13.299000,75.193624
1114,14.784094,13.313000,75.114550
1115,14.797649,13.555000,73.773515
1116,14.810574,12.925000,77.369439
1117,14.824262,13.688000,73.056692
1118,14.837672,13.410000,74.571216
1119,14.850923,13.251000,75.466003
1120,14.864440,13.517000,73.980913
1121,14.877717,13.277000,75.318219
1122,14.890987,13.270000,75.357950
1123,14.904457,13.470000,74.239050
1124,14.917670,13.213000,75.683039
1125,14.930926,13.256000,75.437538
1126,14.944561,13.635000,73.340667
1127,14.957517,12.956000,77.184316
1128,14.970663,13.146000,76.068766
1129,14.984001,13.338000,74.973759
1130,14.997326,13.325000,75.046904
1131,15.010749,13.423000,74.498994
1132,15.024321,13.572000,73.681108
1133,15.037672,13.351000,74.900756
1134,15.050897,13.225000,75.614367
1135,15.064357,13.460000,74.294205
1136,15.077684,13.327000,75.035642
1137,15.090848,13.164000,75.964752
1138,15.104302,13.454000,74.327338
1139,15.117636,13.334000,74.996250
1140,15.130705,13.069000,76.516949
1141,15.144298,13.593000,73.567277
1142,15.157695,13.397000,74.643577
1143,15.173708,16.013000,62.449260
1144,15.184260,10.552000,94.768764
1145,15.197376,13.116000,76.242757
1146,15.210777,13.401000,74.621297
1147,15.224489,13.712000,72.928821
1148,15.237614,13.125000,76.190476
1149,15.250704,13.090000,76.394194
1150,15.264404,13.700000,72.992701
1151,15.277937,13.533000,73.893446
1152,15.290897,12.960000,77.160494
1153,15.304621,13.724000,72.865054
1154,15.317656,13.035000,76.716532
1155,15.330928,13.272000,75.346594
1156,15.344470,13.542000,73.844336
1157,15.357871,13.401000,74.621297
1158,15.370719,12.848000,77.833126
1159,15.384504,13.785000,72.542619
1160,15.397644,13.140000,76.103501
1161,15.411047,13.403000,74.610162
1162,15.424595,13.548000,73.811633
1163,15.437585,12.990000,76.982294
1164,15.450726,13.141000,76.097709
1165,15.464201,13.475000,74.211503
1166,15.478111,13.910000,71.890726
1167,15.490998,12.887000,77.597579
1168,15.504298,13.300000,75.187970
1169,15.517879,13.581000,73.632280
1170,15.530789,12.910000,77.459334
1171,15.544465,13.676000,73.120796
1172,15.557690,13.225000,75.614367
1173,15.570738,13.048000,76.640098
1174,15.584412,13.674000,73.131490
1175,15.597715,13.303000,75.171014
1176,15.610739,13.024000,76.781327
1177,15.624287,13.548000,73.811633
1178,15.637965,13.678000,73.110104
1179,15.650903,12.938000,77.291699
1180,15.664195,13.292000,75.233223
1181,15.677556,13.361000,74.844697
1182,15.690623,13.067000,76.528660
1183,15.704151,13.528000,73.920757
1184,15.717490,13.339000,74.968139
1185,15.730622,13.132000,76.149863
1186,15.744237,13.615000,73.448402
1187,15.757469,13.232000,75.574365
1188,15.770757,13.288000,75.255870
1189,15.784199,13.442000,74.393691
1190,15.797839,13.640000,73.313783
1191,15.810877,13.038000,76.698880
1192,15.824145,13.268000,75.369310
1193,15.838592,14.447000,69.218523
1194,15.850804,12.212000,81.886669
1195,15.864446,13.642000,73.303035
1196,15.877752,13.306000,75.154066
1197,15.891633,13.881000,72.040919
1198,15.904425,12.792000,78.173859
1199,15.917733,13.308000,75.142771
1200,15.930835,13.102000,76.324225
1201,15.944176,13.341000,74.956900
1202,15.957740,13.564000,73.724565
1203,15.970532,12.792000,78.173859
1204,15.984203,13.671000,73.147539
1205,15.997470,13.267000,75.374991
1206,16.010781,13.311000,75.125836
1207,16.024372,13.591000,73.578103
1208,16.038032,13.660000,73.206442
1209,16.051151,13.119000,76.225322
1210,16.064418,13.267000,75.374991
1211,16.077767,13.349000,74.911978
1212,16.090753,12.986000,77.006006
1213,16.104240,13.487000,74.145473
1214,16.118335,14.095000,70.947144
1215,16.131553,13.218000,75.654411
1216,16.144382,12.829000,77.948398
1217,16.157632,13.250000,75.471698
1218,16.170733,13.101000,76.330051
1219,16.184512,13.779000,72.574207
1220,16.198417,13.905000,71.916577
1221,16.210838,12.421000,80.508816
1222,16.224352,13.514000,73.997336
1223,16.237768,13.416000,74.537865
1224,16.250573,12.805000,78.094494
1225,16.264675,14.102000,70.911927
1226,16.277974,13.299000,75.193624
1227,16.290636,12.662000,78.976465
1228,16.304413,13.777000,72.584743
1229,16.317493,13.080000,76.452599
1230,16.330504,13.011000,76.858043
1231,16.344379,13.875000,72.072072
1232,16.358332,13.953000,71.669175
1233,16.371003,12.671000,78.920369
1234,16.384472,13.469000,74.244562
1235,16.397642,13.170000,75.930144
1236,16.410467,12.825000,77.972710
1237,16.424800,14.333000,69.769064
1238,16.437543,12.743000,78.474457
1239,16.450763,13.220000,75.642965
1240,16.464031,13.268000,75.369310
1241,16.477554,13.523000,73.948088
1242,16.491013,13.459000,74.299725
1243,16.504717,13.704000,72.971395
1244,16.517562,12.845000,77.851304
1245,16.530555,12.993000,76.964519
1246,16.548855,18.300000,54.644809
1247,16.557089,8.234000,121.447656
1248,16.570650,13.561000,73.740875
1249,16.584364,13.714000,72.918186
1250,16.597452,13.088000,76.405868
1251,16.610569,13.117000,76.236944
1252,16.624113,13.544000,73.833432
1253,16.637565,13.452000,74.338388
1254,16.650571,13.006000,76.887590
1255,16.664149,13.578000,73.648549
1256,16.677505,13.356000,74.872716
1257,16.690497,12.992000,76.970443
1258,16.704093,13.596000,73.551044
1259,16.718740,14.647000,68.273367
1260,16.730375,11.635000,85.947572
1261,16.744762,14.387000,69.507194
1262,16.757604,12.842000,77.869491
1263,16.770667,13.063000,76.552094
1264,16.784369,13.702000,72.982046
1265,16.798567,14.198000,70.432455
1266,16.811065,12.498000,80.012802
1267,16.824075,13.010000,76.863951
1268,16.837638,13.563000,73.730001
1269,16.851462,13.824000,72.337963
1270,16.864133,12.671000,78.920369
1271,16.877378,13.245000,75.500189
1272,16.890534,13.156000,76.010946
1273,16.904262,13.728000,72.843823
1274,16.917530,13.268000,75.369310
1275,16.930341,12.811000,78.057919
1276,16.944494,14.153000,70.656398
1277,16.957822,13.328000,75.030012
1278,16.970429,12.607000,79.321012
1279,16.983981,13.552000,73.789847
1280,16.997636,13.655000,73.233248
1281,17.010418,12.782000,78.235018
1282,17.024110,13.692000,73.035349
1283,17.037393,13.283000,75.284198
1284,17.050589,13.196000,75.780540
1285,17.064222,13.633000,73.351427
1286,17.077416,13.194000,75.792027
1287,17.090499,13.083000,76.435068
1288,17.104017,13.518000,73.975440
1289,17.117380,13.363000,74.833495
1290,17.130734,13.354000,74.883930
1291,17.144484,13.750000,72.727273
1292,17.157409,12.925000,77.369439
1293,17.170687,13.278000,75.312547
1294,17.184009,13.322000,75.063804
1295,17.197600,13.591000,73.578103
1296,17.210606,13.006000,76.887590
1297,17.224197,13.591000,73.578103
1298,17.238266,14.069000,71.078257
1299,17.251581,13.315000,75.103267
1300,17.265137,13.556000,73.768073
1301,17.277340,12.203000,81.947062
1302,17.291629,14.289000,69.983904
1303,17.304189,12.560000,79.617834
1304,17.317451,13.262000,75.403408
1305,17.330276,12.825000,77.972710
1306,17.344159,13.883000,72.030541
1307,17.357435,13.276000,75.323893
1308,17.370369,12.934000,77.315602
1309,17.384479,14.110000,70.871722
1310,17.397542,13.063000,76.552094
1311,17.410622,13.080000,76.452599
1312,17.424214,13.592000,73.572690
1313,17.437518,13.304000,75.165364
1314,17.451194,13.676000,73.120796
1315,17.463983,12.789000,78.192196
1316,17.477699,13.716000,72.907553
1317,17.490629,12.930000,77.339520
1318,17.504043,13.414000,74.548979
1319,17.517310,13.267000,75.374991
1320,17.530619,13.309000,75.137125
1321,17.544226,13.607000,73.491585
1322,17.557359,13.133000,76.144065
1323,17.570358,12.999000,76.928995
1324,17.585023,14.665000,68.189567
1325,17.597673,12.650000,79.051383
1326,17.611032,13.359000,74.855902
1327,17.624562,13.530000,73.909830
1328,17.637546,12.984000,77.017868
1329,17.650556,13.010000,76.863951
1330,17.664213,13.657000,73.222523
1331,17.677397,13.184000,75.849515
1332,17.690797,13.400000,74.626866
1333,17.705100,14.303000,69.915402
1334,17.717902,12.802000,78.112795
1335,17.730374,12.472000,80.179602
1336,17.744113,13.739000,72.785501
1337,17.757266,13.153000,76.028283
1338,17.771250,13.984000,71.510297
1339,17.783967,12.717000,78.634898
1340,17.797354,13.387000,74.699335
1341,17.810505,13.151000,76.039845
1342,17.824035,13.530000,73.909830
1343,17.837433,13.398000,74.638006
1344,17.850570,13.137000,76.120880
1345,17.864109,13.539000,73.860699
1346,17.877343,13.234000,75.562944
1347,17.890452,13.109000,76.283469
1348,17.904854,14.402000,69.434801
1349,17.917451,12.597000,79.383980
1350,17.930281,12.830000,77.942323
1351,17.944115,13.834000,72.285673
1352,17.957134,13.019000,76.810815
1353,17.970151,13.017000,76.822617
1354,17.983851,13.700000,72.992701
1355,17.997103,13.252000,75.460308
1356,18.010155,13.052000,76.616610
1357,18.023886,13.731000,72.827908
1358,18.037219,13.333000,75.001875
1359,18.050396,13.177000,75.889808
1360,18.064054,13.658000,73.217162
1361,18.077418,13.364000,74.827896
1362,18.090387,12.969000,77.106947
1363,18.104062,13.675000,73.126143
1364,18.117465,13.403000,74.610162
1365,18.130207,12.742000,78.480615
1366,18.143832,13.625000,73.394495
1367,18.157396,13.564000,73.724565
1368,18.170592,13.196000,75.780540
1369,18.183871,13.279000,75.306876
1370,18.197231,13.360000,74.850299
1371,18.210580,13.349000,74.911978
1372,18.223822,13.242000,75.517293
1373,18.237223,13.401000,74.621297
1374,18.251119,13.896000,71.963155
1375,18.264818,13.699000,72.998029
1376,18.277160,12.342000,81.024145
1377,18.290456,13.296000,75.210590
1378,18.303944,13.488000,74.139976
1379,18.317193,13.249000,75.477395
1380,18.330360,13.167000,75.947444
1381,18.344088,13.728000,72.843823
1382,18.357927,13.839000,72.259556
1383,18.370246,12.319000,81.175420
1384,18.383897,13.651000,73.254707
1385,18.397363,13.466000,74.261102
1386,18.410532,13.169000,75.935910
1387,18.424303,13.771000,72.616368
1388,18.437646,13.343000,74.945664
1389,18.450357,12.711000,78.672016
1390,18.463819,13.462000,74.283167
1391,18.477458,13.639000,73.319158
1392,18.490482,13.024000,76.781327
1393,18.504145,13.663000,73.190368
1394,18.517769,13.624000,73.399883
1395,18.530266,12.497000,80.019205
1396,18.544065,13.799000,72.469019
1397,18.557411,13.346000,74.928818
1398,18.570307,12.896000,77.543424
1399,18.584117,13.810000,72.411296
1400,18.598267,14.150000,70.671378
1401,18.611319,13.052000,76.616610
1402,18.623936,12.617000,79.258144
1403,18.637178,13.242000,75.517293
1404,18.650341,13.163000,75.970523
1405,18.664032,13.691000,73.040684
1406,18.676867,12.835000,77.911959
1407,18.689964,13.097000,76.353363
1408,18.703712,13.748000,72.737853
1409,18.716988,13.276000,75.323893
1410,18.730106,13.118000,76.231133
1411,18.743897,13.791000,72.511058
1412,18.757134,13.237000,75.545819
1413,18.770116,12.982000,77.029733
1414,18.783666,13.550000,73.800738
1415,18.797050,13.384000,74.716079
1416,18.810087,13.037000,76.704763
1417,18.823744,13.657000,73.222523
1418,18.837174,13.430000,74.460164
1419,18.850065,12.891000,77.573501
1420,18.863984,13.919000,71.844242
1421,18.877377,13.393000,74.665870
1422,18.890154,12.777000,78.265634
1423,18.903771,13.617000,73.437615
1424,18.916964,13.193000,75.797772
1425,18.930115,13.151000,76.039845
1426,18.943744,13.629000,73.372955
1427,18.956745,13.001000,76.917160
1428,18.969894,13.149000,76.051411
1429,18.983599,13.705000,72.966071
1430,18.997034,13.435000,74.432453
1431,19.010020,12.986000,77.006006
1432,19.023629,13.609000,73.480785
1433,19.037008,13.379000,74.744002
1434,19.050131,13.123000,76.202088
1435,19.063939,13.808000,72.421784
1436,19.077090,13.151000,76.039845
1437,19.089970,12.880000,77.639752
1438,19.103982,14.012000,71.367399
1439,19.117034,13.052000,76.616610
1440,19.130037,13.003000,76.905330
1441,19.143773,13.736000,72.801398
1442,19.157071,13.298000,75.199278
1443,19.170211,13.140000,76.103501
1444,19.183791,13.580000,73.637703
1445,19.197288,13.497000,74.090539
1446,19.210668,13.380000,74.738416
1447,19.223993,13.325000,75.046904
1448,19.237071,13.078000,76.464291
1449,19.250132,13.061000,76.563816
1450,19.263689,13.557000,73.762632
1451,19.277347,13.658000,73.217162
1452,19.290373,13.026000,76.769538
1453,19.303685,13.312000,75.120192
1454,19.316943,13.258000,75.426158
1455,19.330199,13.256000,75.437538
1456,19.344143,13.944000,71.715433
1457,19.357263,13.120000,76.219512
1458,19.370384,13.121000,76.213703
1459,19.383964,13.580000,73.637703
1460,19.397259,13.295000,75.216247
1461,19.410048,12.789000,78.192196
1462,19.423821,13.773000,72.605823
1463,19.437157,13.336000,74.985003
1464,19.450015,12.858000,77.772593
1465,19.464131,14.116000,70.841598
1466,19.477199,13.068000,76.522804
1467,19.490234,13.035000,76.716532
1468,19.504866,14.632000,68.343357
1469,19.518186,13.320000,75.075075
1470,19.530692,12.506000,79.961618
1471,19.543852,13.160000,75.987842
1472,19.557221,13.369000,74.799910
1473,19.570344,13.123000,76.202088
1474,19.584167,13.823000,72.343196
1475,19.596690,12.523000,79.853070
1476,19.609973,13.283000,75.284198
1477,19.623332,13.359000,74.855902
1478,19.636863,13.531000,73.904368
1479,19.649903,13.040000,76.687117
1480,19.663363,13.460000,74.294205
1481,19.676679,13.316000,75.097627
1482,19.689950,13.271000,75.352272
1483,19.703269,13.319000,75.080712
1484,19.716711,13.442000,74.393691
1485,19.729741,13.030000,76.745971
1486,19.743293,13.552000,73.789847
1487,19.756754,13.461000,74.288686
1488,19.769811,13.057000,76.587271
1489,19.783276,13.465000,74.266617
1490,19.796844,13.568000,73.702830
1491,19.809716,12.872000,77.688005
1492,19.823495,13.779000,72.574207
1493,19.836635,13.140000,76.103501
1494,19.849651,13.016000,76.828519
1495,19.863321,13.670000,73.152890
1496,19.876795,13.474000,74.217011
1497,19.889592,12.797000,78.143315
1498,19.903442,13.850000,72.202166
1499,19.916521,13.079000,76.458445
1500,19.929940,13.419000,74.521201
1501,19.943526,13.586000,73.605182
1502,19.956788,13.262000,75.403408
1503,19.969908,13.120000,76.219512
1504,19.983367,13.459000,74.299725
1505,19.996682,13.315000,75.103267
1506,20.010007,13.325000,75.046904
1507,20.023532,13.525000,73.937153
1508,20.036994,13.462000,74.283167
1509,20.049914,12.920000,77.399381
1510,20.063598,13.684000,73.078047
1511,20.077036,13.438000,74.415836
1512,20.089955,12.919000,77.405372
1513,20.103548,13.593000,73.567277
1514,20.116984,13.436000,74.426913
1515,20.130088,13.104000,76.312576
1516,20.143627,13.539000,73.860699
1517,20.156887,13.260000,75.414781
1518,20.169944,13.057000,76.587271
1519,20.183406,13.462000,74.283167
1520,20.197112,13.706000,72.960747
1521,20.210205,13.093000,76.376690
1522,20.223631,13.426000,74.482348
1523,20.237188,13.557000,73.762632
1524,20.250409,13.221000,75.637244
1525,20.263737,13.328000,75.030012
1526,20.277146,13.409000,74.576777
1527,20.290880,13.734000,72.811999
1528,20.303627,12.747000,78.449831
1529,20.316438,12.811000,78.057919
1530,20.329723,13.285000,75.272864
1531,20.343216,13.493000,74.112503
1532,20.356727,13.511000,74.013767
1533,20.369647,12.920000,77.399381
1534,20.383376,13.729000,72.838517
1535,20.396657,13.281000,75.295535
1536,20.409570,12.913000,77.441338
1537,20.423229,13.659000,73.211802
1538,20.436738,13.509000,74.024724
1539,20.449919,13.181000,75.866778
1540,20.463470,13.551000,73.795292
1541,20.476868,13.398000,74.638006
1542,20.490136,13.268000,75.369310
1543,20.503481,13.345000,74.934432
1544,20.517058,13.577000,73.653974
1545,20.530104,13.046000,76.651847
1546,20.543809,13.705000,72.966071
1547,20.556921,13.112000,76.266016
1548,20.569997,13.076000,76.475987
1549,20.584138,14.141000,70.716357
1550,20.596871,12.733000,78.536087
1551,20.610202,13.331000,75.013127
1552,20.624085,13.883000,72.030541
1553,20.637059,12.974000,77.077231
1554,20.651021,13.962000,71.622977
1555,20.664151,13.130000,76.161462
1556,20.676933,12.782000,78.235018
1557,20.690800,13.867000,72.113651
1558,20.703624,12.824000,77.978790
1559,20.717011,13.387000,74.699335
1560,20.730126,13.115000,76.248570
1561,20.743326,13.200000,75.757576
1562,20.756639,13.313000,75.114550
1563,20.769756,13.117000,76.236944
1564,20.783426,13.670000,73.152890
1565,20.796785,13.359000,74.855902
1566,20.810084,13.299000,75.193624
1567,20.823527,13.443000,74.388157
1568,20.837040,13.513000,74.002812
1569,20.849842,12.802000,78.112795
1570,20.863700,13.858000,72.160485
1571,20.876810,13.110000,76.277651
1572,20.890228,13.418000,74.526755
1573,20.903678,13.450000,74.349442
1574,20.916776,13.098000,76.347534
1575,20.930363,13.587000,73.599764
1576,20.943627,13.264000,75.392039
1577,20.957053,13.426000,74.482348
1578,20.970032,12.979000,77.047538
1579,20.983258,13.226000,75.608650
1580,20.996815,13.557000,73.762632
1581,21.010308,13.493000,74.112503
1582,21.023469,13.161000,75.982068
1583,21.036956,13.487000,74.145473
1584,21.049817,12.861000,77.754451
1585,21.063331,13.514000,73.997336
1586,21.076761,13.430000,74.460164
1587,21.089843,13.082000,76.440911
1588,21.103384,13.541000,73.849790
1589,21.117065,13.681000,73.094072
1590,21.129991,12.926000,77.363454
1591,21.143613,13.622000,73.410659
1592,21.156913,13.300000,75.187970
1593,21.169730,12.817000,78.021378
1594,21.183571,13.841000,72.249115
1595,21.196699,13.128000,76.173065
1596,21.210357,13.658000,73.217162
1597,21.223786,13.429000,74.465709
1598,21.236915,13.129000,76.167263
1599,21.250349,13.434000,74.437993
1600,21.263554,13.205000,75.728891
1601,21.276711,13.157000,76.005168
1602,21.291048,14.337000,69.749599
1603,21.304584,13.536000,73.877069
1604,21.317263,12.679000,78.870573
1605,21.330356,13.093000,76.376690
1606,21.343708,13.352000,74.895147
1607,21.356433,12.725000,78.585462
1608,21.369599,13.166000,75.953213
1609,21.383012,13.413000,74.554537
1610,21.396540,13.528000,73.920757
1611,21.409453,12.913000,77.441338
1612,21.423076,13.623000,73.405270
1613,21.436554,13.478000,74.194984
1614,21.449549,12.995000,76.952674
1615,21.463232,13.683000,73.083388
1616,21.476580,13.348000,74.917591
1617,21.489481,12.901000,77.513371
1618,21.503336,13.855000,72.176110
1619,21.516593,13.257000,75.431847
1620,21.529748,13.155000,76.016724
1621,21.543383,13.635000,73.340667
1622,21.556677,13.294000,75.221905
1623,21.569881,13.204000,75.734626
1624,21.583489,13.608000,73.486185
1625,21.596911,13.422000,74.504545
1626,21.609935,13.024000,76.781327
1627,21.623502,13.567000,73.708263
1628,21.636970,13.468000,74.250074
1629,21.650105,13.135000,76.132470
1630,21.663561,13.456000,74.316290
1631,21.676693,13.132000,76.149863
1632,21.689655,12.962000,77.148588
1633,21.703589,13.934000,71.766901
1634,21.716775,13.186000,75.838010
1635,21.729848,13.073000,76.493536
1636,21.744518,14.670000,68.166326
1637,21.756743,12.225000,81.799591
1638,21.770043,13.300000,75.187970
1639,21.783523,13.480000,74.183976
1640,21.797775,14.252000,70.165591
1641,21.810032,12.257000,81.586032
1642,21.823532,13.500000,74.074074
1643,21.836636,13.104000,76.312576
1644,21.849891,13.255000,75.443229
1645,21.864357,14.466000,69.127610
1646,21.876765,12.408000,80.593166
1647,21.890122,13.357000,74.867111
1648,21.903484,13.362000,74.839096
1649,21.917799,14.315000,69.856794
1650,21.929964,12.165000,82.203042
1651,21.943496,13.532000,73.898906
1652,21.956898,13.402000,74.615729
1653,21.969631,12.733000,78.536087
1654,21.983112,13.481000,74.178473
1655,21.996601,13.489000,74.134480
1656,22.009617,13.016000,76.828519
1657,22.023261,13.644000,73.292290
1658,22.037057,13.796000,72.484778
1659,22.050626,13.569000,73.697398
1660,22.064122,13.496000,74.096028
1661,22.076872,12.750000,78.431373
1662,22.090273,13.401000,74.621297
1663,22.103280,13.007000,76.881679
1664,22.116620,13.340000,74.962519
1665,22.129663,13.043000,76.669478
1666,22.143703,14.040000,71.225071
1667,22.156693,12.990000,76.982294
1668,22.169782,13.089000,76.400031
1669,22.183294,13.512000,74.008289
1670,22.196705,13.411000,74.565655
1671,22.210087,13.382000,74.727246
1672,22.223539,13.452000,74.338388
1673,22.236796,13.257000,75.431847
1674,22.249893,13.097000,76.353363
1675,22.264412,14.519000,68.875267
1676,22.276889,12.477000,80.147471
1677,22.289538,12.649000,79.057633
1678,22.303454,13.916000,71.859730
1679,22.316594,13.140000,76.103501
1680,22.329604,13.010000,76.863951
1681,22.343885,14.281000,70.023108
1682,22.356716,12.831000,77.936248
1683,22.369807,13.091000,76.388358
1684,22.383297,13.490000,74.128984
1685,22.397184,13.887000,72.009793
1686,22.409499,12.315000,81.201786
1687,22.423419,13.920000,71.839080
1688,22.436886,13.467000,74.255588
1689,22.449439,12.553000,79.662232
1690,22.462971,13.532000,73.898906
1691,22.476278,13.307000,75.148418
1692,22.489440,13.162000,75.976295
1693,22.502984,13.544000,73.833432
1694,22.516283,13.299000,75.193624
1695,22.529404,13.121000,76.213703
1696,22.542985,13.581000,73.632280
1697,22.556380,13.395000,74.654722
1698,22.569570,13.190000,75.815011
1699,22.582970,13.400000,74.626866
1700,22.596338,13.368000,74.805506
1701,22.609389,13.051000,76.622481
1702,22.622902,13.513000,74.002812
1703,22.636340,13.438000,74.415836
1704,22.649377,13.037000,76.704763
1705,22.662990,13.613000,73.459193
1706,22.676615,13.625000,73.394495
1707,22.689416,12.801000,78.118897
1708,22.702960,13.544000,73.833432
1709,22.716292,13.332000,75.007501
1710,22.729447,13.155000,76.016724
1711,22.742865,13.418000,74.526755
1712,22.756278,13.413000,74.554537
1713,22.769240,12.962000,77.148588
1714,22.783179,13.939000,71.741158
1715,22.796365,13.186000,75.838010
1716,22.809190,12.825000,77.972710
1717,22.823065,13.875000,72.072072
1718,22.836366,13.301000,75.182317
1719,22.849214,12.848000,77.833126
1720,22.862756,13.542000,73.844336
1721,22.876345,13.589000,73.588932
1722,22.889199,12.854000,77.796795
1723,22.903034,13.835000,72.280448
1724,22.916345,13.311000,75.125836
1725,22.929260,12.915000,77.429346
1726,22.943066,13.806000,72.432276
1727,22.956305,13.239000,75.534406
1728,22.969283,12.978000,77.053475
1729,22.983021,13.738000,72.790799
1730,22.996417,13.396000,74.649149
1731,23.009483,13.066000,76.534517
1732,23.023137,13.654000,73.238611
1733,23.036435,13.298000,75.199278
1734,23.049820,13.385000,74.710497
1735,23.063375,13.555000,73.773515
1736,23.076376,13.001000,76.917160
1737,23.089516,13.140000,76.103501
1738,23.103028,13.512000,74.008289
1739,23.116143,13.115000,76.248570
1740,23.129679,13.536000,73.877069
1741,23.143072,13.393000,74.665870
1742,23.156379,13.307000,75.148418
1743,23.169794,13.415000,74.543422
1744,23.183488,13.694000,73.024682
1745,23.196677,13.189000,75.820760
1746,23.209888,13.211000,75.694497
1747,23.222786,12.898000,77.531400
1748,23.236214,13.428000,74.471254
1749,23.249333,13.119000,76.225322
1750,23.262764,13.431000,74.454620
1751,23.276670,13.906000,71.911405
1752,23.289758,13.088000,76.405868
1753,23.303299,13.541000,73.849790
1754,23.316797,13.498000,74.085050
1755,23.330014,13.217000,75.660135
1756,23.343264,13.250000,75.471698
1757,23.356494,13.230000,75.585790
1758,23.369783,13.289000,75.250207
1759,23.382813,13.030000,76.745971
1760,23.396195,13.382000,74.727246
1761,23.409332,13.137000,76.120880
1762,23.422810,13.478000,74.194984
1763,23.436108,13.298000,75.199278
1764,23.449231,13.123000,76.202088
1765,23.462676,13.445000,74.377092
1766,23.476070,13.394000,74.660296
1767,23.489202,13.132000,76.149863
1768,23.502714,13.512000,74.008289
1769,23.516085,13.371000,74.788722
1770,23.529214,13.129000,76.167263
1771,23.542777,13.563000,73.730001
1772,23.556020,13.243000,75.511591
1773,23.569167,13.147000,76.062980
1774,23.582855,13.688000,73.056692
1775,23.596368,13.513000,74.002812
1776,23.609568,13.200000,75.757576
1777,23.622994,13.426000,74.482348
1778,23.636311,13.317000,75.091988
1779,23.649515,13.204000,75.734626
1780,23.662899,13.384000,74.716079
1781,23.675986,13.087000,76.411706
1782,23.689151,13.165000,75.958982
1783,23.702966,13.815000,72.385089
1784,23.716386,13.420000,74.515648
1785,23.729603,13.217000,75.660135
1786,23.743311,13.708000,72.950102
1787,23.756236,12.925000,77.369439
1788,23.769340,13.104000,76.312576
1789,23.782919,13.579000,73.643125
1790,23.796278,13.359000,74.855902
1791,23.809382,13.104000,76.312576
1792,23.823448,14.066000,71.093417
1793,23.836682,13.234000,75.562944
1794,23.849415,12.733000,78.536087
1795,23.862963,13.548000,73.811633
1796,23.876308,13.345000,74.934432
1797,23.889404,13.096000,76.359194
1798,23.903089,13.685000,73.072707
1799,23.916242,13.153000,76.028283
1800,23.929593,13.351000,74.900756
1801,23.943327,13.734000,72.811999
1802,23.956381,13.054000,76.604872
1803,23.969202,12.821000,77.997036
1804,23.982856,13.654000,73.238611
1805,23.996204,13.348000,74.917591
1806,24.009405,13.201000,75.751837
1807,24.022975,13.570000,73.691968
1808,24.036348,13.373000,74.777537
1809,24.049490,13.142000,76.091919
1810,24.063270,13.780000,72.568940
1811,24.076418,13.148000,76.057195
1812,24.089402,12.984000,77.017868
1813,24.103363,13.961000,71.628107
1814,24.116545,13.182000,75.861023
1815,24.129627,13.082000,76.440911
1816,24.142872,13.245000,75.500189
1817,24.157035,14.163000,70.606510
1818,24.169677,12.642000,79.101408
1819,24.183149,13.472000,74.228029
1820,24.196622,13.473000,74.222519
1821,24.209436,12.814000,78.039644
1822,24.223470,14.034000,71.255522
1823,24.236771,13.301000,75.182317
1824,24.249695,12.924000,77.375426
1825,24.262871,13.176000,75.895568
1826,24.276544,13.673000,73.136839
1827,24.289561,13.017000,76.822617
1828,24.302910,13.349000,74.911978
1829,24.316396,13.486000,74.150971
1830,24.329691,13.295000,75.216247
1831,24.343088,13.397000,74.643577
1832,24.356700,13.612000,73.464590
1833,24.369442,12.742000,78.480615
1834,24.383242,13.800000,72.463768
1835,24.396517,13.275000,75.329567
1836,24.409363,12.846000,77.845244
1837,24.422853,13.490000,74.128984
1838,24.436422,13.569000,73.697398
1839,24.449438,13.016000,76.828519
1840,24.462900,13.462000,74.283167
1841,24.476247,13.347000,74.923204
1842,24.489609,13.362000,74.839096
1843,24.503159,13.550000,73.800738
1844,24.516546,13.387000,74.699335
1845,24.529812,13.266000,75.380672
1846,24.542999,13.187000,75.832259
1847,24.556347,13.348000,74.917591
1848,24.569328,12.981000,77.035668
1849,24.582943,13.615000,73.448402
1850,24.596238,13.295000,75.216247
1851,24.609508,13.270000,75.357950
1852,24.623002,13.494000,74.107011
1853,24.636542,13.540000,73.855244
1854,24.649396,12.854000,77.796795
1855,24.662908,13.512000,74.008289
1856,24.676278,13.370000,74.794316
1857,24.689938,13.660000,73.206442
1858,24.703167,13.229000,75.591504
1859,24.716490,13.323000,75.058170
1860,24.729460,12.970000,77.101002
1861,24.742886,13.426000,74.482348
1862,24.757126,14.240000,70.224719
1863,24.769293,12.167000,82.189529
1864,24.783887,14.594000,68.521310
1865,24.796546,12.659000,78.995181
1866,24.809448,12.902000,77.507363
1867,24.823090,13.642000,73.303035
1868,24.836115,13.025000,76.775432
1869,24.849251,13.136000,76.126675
1870,24.863256,14.005000,71.403070
1871,24.876567,13.311000,75.125836
1872,24.889266,12.699000,78.746358
1873,24.903888,14.622000,68.390097
1874,24.916636,12.748000,78.443677
1875,24.929269,12.633000,79.157761
1876,24.943638,14.369000,69.594265
1877,24.956143,12.505000,79.968013
1878,24.969235,13.092000,76.382524
1879,24.982564,13.329000,75.024383
1880,24.996368,13.804000,72.442770
1881,25.009400,13.032000,76.734193
1882,25.022747,13.347000,74.923204
1883,25.035943,13.196000,75.780540
1884,25.049140,13.197000,75.774797
1885,25.062886,13.746000,72.748436
1886,25.076108,13.222000,75.631523
1887,25.089296,13.188000,75.826509
1888,25.102779,13.483000,74.167470
1889,25.116334,13.555000,73.773515
1890,25.129407,13.073000,76.493536
1891,25.143310,13.903000,71.926922
1892,25.156228,12.918000,77.411364
1893,25.169102,12.874000,77.675936
1894,25.183089,13.987000,71.494960
1895,25.196523,13.434000,74.437993
1896,25.209082,12.559000,79.624174
1897,25.222649,13.567000,73.708263
1898,25.236431,13.782000,72.558410
1899,25.249225,12.794000,78.161638
1900,25.262625,13.400000,74.626866
1901,25.277327,14.702000,68.017957
1902,25.289703,12.376000,80.801551
1903,25.302743,13.040000,76.687117
1904,25.317262,14.519000,68.875267
1905,25.329494,12.232000,81.752780
1906,25.343039,13.545000,73.827981
1907,25.356382,13.343000,74.945664
1908,25.369434,13.052000,76.616610
1909,25.384009,14.575000,68.610635
1910,25.396699,12.690000,78.802206
1911,25.409184,12.485000,80.096115
1912,25.423757,14.573000,68.620051
1913,25.436492,12.735000,78.523753
1914,25.449404,12.912000,77.447336
1915,25.463905,14.501000,68.960761
1916,25.476042,12.137000,82.392684
1917,25.489584,13.542000,73.844336
1918,25.502841,13.257000,75.431847
1919,25.516265,13.424000,74.493445
1920,25.529220,12.955000,77.190274
1921,25.542743,13.523000,73.948088
1922,25.556483,13.740000,72.780204
1923,25.569319,12.836000,77.905890
1924,25.582875,13.556000,73.768073
1925,25.596055,13.180000,75.872534
1926,25.609827,13.772000,72.611095
1927,25.622818,12.991000,76.976368
1928,25.636175,13.357000,74.867111
1929,25.649247,13.072000,76.499388
1930,25.662893,13.646000,73.281548
1931,25.676170,13.277000,75.318219
1932,25.689365,13.195000,75.786283
1933,25.703019,13.654000,73.238611
1934,25.716829,13.810000,72.411296
1935,25.730199,13.370000,74.794316
1936,25.742957,12.758000,78.382192
1937,25.757427,14.470000,69.108500
1938,25.769385,11.958000,83.626024
1939,25.783268,13.883000,72.030541
1940,25.796323,13.055000,76.599004
1941,25.809431,13.108000,76.289289
1942,25.822621,13.190000,75.815011
1943,25.836116,13.495000,74.101519
1944,25.849478,13.362000,74.839096
1945,25.862939,13.461000,74.288686
1946,25.876019,13.080000,76.452599
1947,25.889175,13.156000,76.010946
1948,25.902926,13.751000,72.721984
1949,25.916017,13.091000,76.388358
1950,25.928990,12.973000,77.083173
1951,25.942438,13.448000,74.360500
1952,25.955995,13.557000,73.762632
1953,25.968863,12.868000,77.712154
1954,25.982422,13.559000,73.751752
1955,25.996179,13.757000,72.690267
1956,26.008915,12.736000,78.517588
1957,26.022726,13.811000,72.406053
1958,26.036179,13.453000,74.332863
1959,26.048925,12.746000,78.455986
1960,26.062476,13.551000,73.795292
1961,26.075748,13.272000,75.346594
1962,26.088953,13.205000,75.728891
1963,26.102579,13.626000,73.389109
1964,26.115744,13.165000,75.958982
1965,26.128996,13.252000,75.460308
1966,26.142469,13.473000,74.222519
1967,26.155683,13.214000,75.677312
1968,26.168912,13.229000,75.591504
1969,26.182430,13.518000,73.975440
1970,26.195748,13.318000,75.086349
1971,26.208920,13.172000,75.918615
1972,26.222280,13.360000,74.850299
1973,26.235662,13.382000,74.727246
1974,26.248735,13.073000,76.493536
1975,26.262574,13.839000,72.259556
1976,26.275783,13.209000,75.705958
1977,26.288700,12.917000,77.417357
1978,26.302411,13.711000,72.934140
1979,26.315912,13.501000,74.068588
1980,26.328820,12.908000,77.471336
1981,26.342605,13.785000,72.542619
1982,26.356001,13.396000,74.649149
1983,26.369026,13.025000,76.775432
1984,26.382525,13.499000,74.079561
1985,26.396156,13.631000,73.362189
1986,26.409071,12.915000,77.429346
1987,26.422597,13.526000,73.931687
1988,26.435840,13.243000,75.511591
1989,26.449081,13.241000,75.522997
1990,26.462868,13.787000,72.532095
1991,26.475959,13.091000,76.388358
1992,26.489414,13.455000,74.321813
1993,26.502783,13.369000,74.799910
1994,26.516234,13.451000,74.343915
1995,26.529236,13.002000,76.911244
1996,26.542862,13.626000,73.389109
1997,26.556024,13.162000,75.976295
1998,26.569180,13.156000,76.010946
1999,26.582622,13.442000,74.393691
2000,26.596071,13.449000,74.354971
2001,26.609179,13.108000,76.289289
2002,26.623130,13.951000,71.679450
2003,26.636028,12.898000,77.531400
2004,26.649010,12.982000,77.029733
2005,26.662722,13.712000,72.928821
2006,26.675771,13.049000,76.634225
2007,26.688819,13.048000,76.640098
2008,26.702729,13.910000,71.890726
2009,26.716046,13.317000,75.091988
2010,26.729140,13.094000,76.370857
2011,26.742580,13.440000,74.404762
2012,26.755861,13.281000,75.295535
2013,26.769124,13.263000,75.397723
2014,26.782533,13.409000,74.576777
2015,26.795954,13.421000,74.510096
2016,26.809003,13.049000,76.634225
2017,26.822731,13.728000,72.843823
2018,26.835902,13.171000,75.924379
2019,26.849017,13.115000,76.248570
2020,26.862680,13.663000,73.190368
2021,26.875664,12.984000,77.017868
2022,26.888743,13.079000,76.458445
2023,26.902262,13.519000,73.969968
2024,26.915569,13.307000,75.148418
2025,26.928672,13.103000,76.318400
2026,26.942488,13.816000,72.379849
2027,26.955481,12.993000,76.964519
2028,26.968633,13.152000,76.034063
2029,26.982389,13.756000,72.695551
2030,26.995836,13.447000,74.366030
2031,27.008704,12.868000,77.712154
2032,27.022467,13.763000,72.658577
2033,27.035897,13.430000,74.460164
2034,27.048884,12.987000,77.000077
2035,27.062694,13.810000,72.411296
2036,27.076000,13.306000,75.154066
2037,27.089168,13.168000,75.941677
2038,27.102521,13.353000,74.889538
2039,27.115981,13.460000,74.294205
2040,27.128949,12.968000,77.112893
2041,27.142602,13.653000,73.243976
2042,27.156164,13.562000,73.735437
2043,27.168914,12.750000,78.431373
2044,27.182665,13.751000,72.721984
2045,27.196139,13.474000,74.217011
2046,27.209280,13.141000,76.097709
2047,27.222653,13.373000,74.777537
2048,27.236018,13.365000,74.822297
2049,27.248880,12.862000,77.748406
2050,27.262565,13.685000,73.072707
2051,27.275842,13.277000,75.318219
2052,27.288819,12.977000,77.059413
2053,27.302542,13.723000,72.870364
2054,27.315748,13.206000,75.723156
2055,27.328760,13.012000,76.852136
2056,27.342595,13.835000,72.280448
2057,27.355834,13.239000,75.534406
2058,27.368957,13.123000,76.202088
2059,27.382734,13.777000,72.584743
2060,27.395952,13.218000,75.654411
2061,27.408968,13.016000,76.828519
2062,27.423364,14.396000,69.463740
2063,27.435912,12.548000,79.693975
2064,27.448826,12.914000,77.435341
2065,27.462483,13.657000,73.222523
2066,27.476103,13.620000,73.421439
2067,27.489016,12.913000,77.441338
2068,27.502850,13.834000,72.285673
2069,27.516065,13.215000,75.671585
2070,27.529129,13.064000,76.546234
2071,27.542647,13.518000,73.975440
2072,27.555698,13.051000,76.622481
2073,27.568911,13.213000,75.683039
2074,27.582361,13.450000,74.349442
2075,27.595821,13.460000,74.294205
2076,27.608915,13.094000,76.370857
2077,27.622679,13.764000,72.653298
2078,27.636144,13.465000,74.266617
2079,27.648961,12.817000,78.021378
2080,27.662633,13.672000,73.142188
2081,27.675582,12.949000,77.226041
2082,27.688766,13.184000,75.849515
2083,27.702348,13.582000,73.626859
2084,27.715699,13.351000,74.900756
2085,27.728885,13.186000,75.838010
2086,27.742339,13.454000,74.327338
2087,27.755802,13.463000,74.277650
2088,27.768842,13.040000,76.687117
2089,27.782642,13.800000,72.463768
2090,27.795940,13.298000,75.199278
2091,27.809082,13.142000,76.091919
2092,27.823284,14.202000,70.412618
2093,27.836047,12.763000,78.351485
2094,27.849211,13.164000,75.964752
2095,27.862987,13.776000,72.590012
2096,27.875664,12.677000,78.883016
2097,27.888877,13.213000,75.683039
2098,27.902334,13.457000,74.310768
2099,27.916050,13.716000,72.907553
2100,27.929277,13.227000,75.602933
2101,27.942698,13.421000,74.510096
2102,27.955881,13.183000,75.855268
2103,27.968645,12.764000,78.345346
2104,27.982266,13.621000,73.416049
2105,27.995717,13.451000,74.343915
2106,28.008692,12.975000,77.071291
2107,28.022301,13.609000,73.480785
2108,28.035762,13.461000,74.288686
2109,28.048646,12.884000,77.615647
2110,28.062647,14.001000,71.423470
2111,28.075690,13.043000,76.669478
2112,28.089001,13.311000,75.125836
2113,28.103331,14.330000,69.783671
2114,28.115534,12.203000,81.947062
2115,28.128768,13.234000,75.562944
2116,28.142397,13.629000,73.372955
2117,28.155640,13.243000,75.511591
2118,28.168835,13.195000,75.786283
2119,28.182400,13.565000,73.719130
2120,28.195711,13.311000,75.125836
2121,28.208828,13.117000,76.236944
2122,28.222362,13.534000,73.887986
2123,28.235549,13.187000,75.832259
2124,28.248716,13.167000,75.947444
2125,28.262256,13.540000,73.855244
2126,28.275733,13.477000,74.200490
2127,28.288707,12.974000,77.077231
2128,28.302424,13.717000,72.902238
2129,28.315997,13.573000,73.675680
2130,28.328798,12.801000,78.118897
2131,28.342480,13.682000,73.088730
2132,28.356294,13.814000,72.390329
2133,28.368926,12.632000,79.164028
2134,28.383194,14.268000,70.086908
2135,28.395828,12.634000,79.151496
2136,28.408665,12.837000,77.899821
2137,28.422344,13.679000,73.104759
2138,28.435678,13.334000,74.996250
2139,28.448726,13.048000,76.640098
2140,28.462311,13.585000,73.610600
2141,28.475705,13.394000,74.660296
2142,28.488678,12.973000,77.083173
2143,28.502378,13.700000,72.992701
2144,28.515935,13.557000,73.762632
2145,28.528782,12.847000,77.839184
2146,28.542542,13.760000,72.674419
2147,28.555604,13.062000,76.557954
2148,28.568720,13.116000,76.242757
2149,28.582322,13.602000,73.518600
2150,28.595708,13.386000,74.704916
2151,28.608780,13.072000,76.499388
2152,28.622871,14.091000,70.967284
2153,28.636319,13.448000,74.360500
2154,28.649022,12.703000,78.721562
2155,28.662532,13.510000,74.019245
2156,28.676196,13.664000,73.185012
2157,28.689276,13.080000,76.452599
2158,28.703583,14.307000,69.895855
2159,28.715931,12.348000,80.984775
2160,28.729041,13.110000,76.277651
2161,28.742446,13.405000,74.599030
2162,28.755726,13.280000,75.301205
2163,28.768950,13.224000,75.620085
2164,28.782577,13.627000,73.383723
2165,28.796067,13.490000,74.128984
2166,28.808876,12.809000,78.070107
2167,28.822455,13.579000,73.643125
2168,28.835938,13.483000,74.167470
2169,28.848762,12.824000,77.978790
2170,28.862390,13.628000,73.378339
2171,28.875870,13.480000,74.183976
2172,28.888825,12.955000,77.190274
2173,28.902413,13.588000,73.594348
2174,28.915605,13.192000,75.803517
2175,28.928939,13.334000,74.996250
2176,28.942699,13.760000,72.674419
2177,28.955905,13.206000,75.723156
2178,28.968984,13.079000,76.458445
2179,28.982381,13.397000,74.643577
2180,28.995752,13.371000,74.788722
2181,29.008874,13.122000,76.207895
2182,29.022367,13.493000,74.112503
2183,29.035740,13.373000,74.777537
2184,29.048899,13.159000,75.993617
2185,29.062443,13.544000,73.833432
2186,29.075664,13.221000,75.637244
2187,29.088707,13.043000,76.669478
2188,29.102283,13.576000,73.659399
2189,29.115489,13.206000,75.723156
2190,29.128688,13.199000,75.763315
2191,29.142363,13.675000,73.126143
2192,29.155580,13.217000,75.660135
2193,29.168772,13.192000,75.803517
2194,29.182385,13.613000,73.459193
2195,29.195776,13.391000,74.677022
2196,29.209013,13.237000,75.545819
2197,29.222068,13.055000,76.599004
2198,29.236797,14.729000,67.893272
2199,29.248587,11.790000,84.817642
2200,29.262177,13.590000,73.583517
2201,29.275654,13.477000,74.200490
2202,29.288545,12.891000,77.573501
2203,29.302180,13.635000,73.340667
2204,29.315793,13.613000,73.459193
2205,29.328820,13.027000,76.763645
2206,29.342648,13.828000,72.317038
2207,29.355485,12.837000,77.899821
2208,29.368707,13.222000,75.631523
2209,29.382131,13.424000,74.493445
2210,29.395454,13.323000,75.058170
2211,29.408609,13.155000,76.016724
2212,29.422226,13.617000,73.437615
2213,29.435501,13.275000,75.329567
2214,29.448633,13.132000,76.149863
2215,29.462256,13.623000,73.405270
2216,29.475639,13.383000,74.721662
2217,29.488601,12.962000,77.148588
2218,29.502272,13.671000,73.147539
2219,29.515797,13.525000,73.937153
2220,29.528655,12.858000,77.772593
2221,29.542529,13.874000,72.077267
2222,29.555748,13.219000,75.648687
2223,29.568726,12.978000,77.053475
2224,29.583218,14.492000,69.003588
2225,29.595960,12.742000,78.480615
2226,29.608685,12.725000,78.585462
2227,29.622373,13.688000,73.056692
2228,29.635968,13.595000,73.556455
2229,29.649437,13.469000,74.244562
2230,29.663511,14.074000,71.053006
2231,29.675979,12.468000,80.205326
2232,29.688786,12.807000,78.082299
2233,29.702118,13.332000,75.007501
2234,29.715486,13.368000,74.805506
2235,29.728625,13.139000,76.109293
2236,29.742270,13.645000,73.286918
2237,29.755936,13.666000,73.174301
2238,29.768664,12.728000,78.566939
2239,29.782497,13.833000,72.290899
2240,29.795651,13.154000,76.022503
2241,29.808759,13.108000,76.289289
2242,29.822493,13.734000,72.811999
2243,29.835668,13.175000,75.901328
2244,29.848895,13.227000,75.602933
2245,29.862358,13.463000,74.277650
2246,29.876037,13.679000,73.104759
2247,29.888582,12.545000,79.713033
2248,29.902084,13.502000,74.063102
2249,29.916816,14.732000,67.879446
2250,29.928953,12.137000,82.392684
2251,29.942309,13.356000,74.872716
2252,29.955737,13.428000,74.471254
2253,29.968266,12.529000,79.814830
2254,29.982171,13.905000,71.916577
2255,29.995457,13.286000,75.267199
2256,30.008923,13.466000,74.261102
2257,30.022014,13.091000,76.388358
2258,30.035492,13.478000,74.194984
2259,30.048613,13.121000,76.213703
2260,30.062241,13.628000,73.378339
2261,30.075651,13.410000,74.571216
2262,30.088667,13.016000,76.828519
2263,30.102380,13.713000,72.923503
2264,30.115751,13.371000,74.788722
2265,30.128731,12.980000,77.041602
2266,30.142266,13.535000,73.882527
2267,30.155596,13.330000,75.018755
2268,30.168679,13.083000,76.435068
2269,30.182281,13.602000,73.518600
2270,30.195682,13.401000,74.621297
2271,30.208757,13.075000,76.481836
2272,30.222310,13.553000,73.784402
2273,30.235741,13.431000,74.454620
2274,30.248772,13.031000,76.740081
2275,30.262408,13.636000,73.335289
2276,30.275787,13.379000,74.744002
2277,30.288664,12.877000,77.657840
2278,30.303129,14.465000,69.132389
2279,30.315477,12.348000,80.984775
2280,30.328713,13.236000,75.551526
2281,30.342305,13.592000,73.572690
2282,30.355568,13.263000,75.397723
2283,30.368398,12.830000,77.942323
2284,30.382228,13.830000,72.306580
2285,30.395600,13.372000,74.783129
2286,30.408659,13.059000,76.575542
2287,30.422135,13.476000,74.205996
2288,30.436432,14.297000,69.944744
2289,30.449253,12.821000,77.997036
2290,30.462686,13.433000,74.443535
2291,30.475629,12.943000,77.261840
2292,30.488627,12.998000,76.934913
2293,30.502821,14.194000,70.452304
2294,30.515674,12.853000,77.802848
2295,30.528660,12.986000,77.006006
2296,30.542391,13.731000,72.827908
2297,30.555396,13.005000,76.893502
2298,30.568678,13.282000,75.289866
2299,30.582388,13.710000,72.939460
2300,30.595403,13.015000,76.834422
2301,30.608620,13.217000,75.660135
2302,30.622754,14.134000,70.751380
2303,30.635540,12.786000,78.210543
2304,30.648864,13.324000,75.052537
2305,30.662302,13.438000,74.415836
2306,30.675099,12.797000,78.143315
2307,30.688370,13.271000,75.352272
2308,30.701607,13.237000,75.545819
2309,30.715291,13.684000,73.078047
2310,30.728441,13.150000,76.045627
2311,30.741920,13.479000,74.189480
2312,30.754844,12.924000,77.375426
2313,30.768045,13.201000,75.751837
2314,30.781914,13.869000,72.103252
2315,30.795226,13.312000,75.120192
2316,30.808080,12.854000,77.796795
2317,30.821956,13.876000,72.066878
2318,30.834907,12.951000,77.214115
2319,30.847987,13.080000,76.452599
2320,30.861820,13.833000,72.290899
2321,30.875157,13.337000,74.979381
2322,30.888085,12.928000,77.351485
2323,30.901759,13.674000,73.131490
2324,30.915274,13.515000,73.991861
2325,30.927959,12.685000,78.833268
2326,30.941890,13.931000,71.782356
2327,30.954951,13.061000,76.563816
2328,30.968139,13.188000,75.826509
2329,30.981572,13.433000,74.443535
2330,30.995381,13.809000,72.416540
2331,31.008509,13.128000,76.173065
2332,31.021887,13.378000,74.749589
2333,31.035205,13.318000,75.086349
2334,31.048567,13.362000,74.839096
2335,31.062017,13.450000,74.349442
2336,31.075266,13.249000,75.477395
2337,31.088133,12.867000,77.718194
2338,31.101568,13.435000,74.432453
2339,31.115277,13.709000,72.944781
2340,31.128161,12.884000,77.615647
2341,31.141573,13.412000,74.560095
2342,31.155184,13.611000,73.469988
2343,31.168257,13.073000,76.493536
2344,31.181517,13.260000,75.414781
2345,31.195051,13.534000,73.887986
2346,31.208240,13.189000,75.820760
2347,31.221631,13.391000,74.677022
2348,31.234865,13.234000,75.562944
2349,31.248038,13.173000,75.912852
2350,31.261580,13.542000,73.844336
2351,31.274957,13.377000,74.755177
2352,31.288246,13.289000,75.250207
2353,31.301633,13.387000,74.699335
2354,31.315109,13.476000,74.205996
2355,31.328248,13.139000,76.109293
2356,31.341766,13.518000,73.975440
2357,31.354951,13.185000,75.843762
2358,31.368177,13.226000,75.608650
2359,31.381586,13.409000,74.576777
2360,31.394920,13.334000,74.996250
2361,31.408068,13.148000,76.057195
2362,31.421548,13.480000,74.183976
2363,31.434866,13.318000,75.086349
2364,31.448075,13.209000,75.705958
2365,31.461467,13.392000,74.671446
2366,31.474838,13.371000,74.788722
2367,31.488058,13.220000,75.642965
2368,31.501579,13.521000,73.959027
2369,31.514893,13.314000,75.108908
2370,31.528079,13.186000,75.838010
2371,31.541520,13.441000,74.399226
2372,31.554832,13.312000,75.120192
2373,31.568019,13.187000,75.832259
2374,31.581537,13.518000,73.975440
2375,31.595099,13.562000,73.735437
2376,31.608156,13.057000,76.587271
2377,31.621550,13.394000,74.660296
2378,31.635069,13.519000,73.969968
2379,31.648083,13.014000,76.840326
2380,31.661416,13.333000,75.001875
2381,31.675099,13.683000,73.083388
2382,31.687968,12.869000,77.706115
2383,31.701681,13.713000,72.923503
2384,31.714706,13.025000,76.775432
2385,31.727861,13.155000,76.016724
2386,31.741749,13.888000,72.004608
2387,31.755165,13.416000,74.537865
2388,31.767878,12.713000,78.659640
2389,31.781354,13.476000,74.205996
2390,31.794949,13.595000,73.556455
2391,31.807797,12.848000,77.833126
2392,31.821527,13.730000,72.833212
2393,31.834737,13.210000,75.700227
2394,31.847903,13.166000,75.953213
2395,31.861743,13.840000,72.254335
2396,31.874871,13.128000,76.173065
2397,31.887966,13.095000,76.365025
2398,31.901658,13.692000,73.035349
2399,31.914781,13.123000,76.202088
2400,31.927829,13.048000,76.640098
2401,31.941447,13.618000,73.432222
2402,31.954962,13.515000,73.991861
2403,31.967961,12.999000,76.928995
2404,31.981425,13.464000,74.272133
2405,31.995285,13.860000,72.150072
2406,32.008268,12.983000,77.023800
2407,32.021751,13.483000,74.167470
2408,32.035034,13.283000,75.284198
2409,32.047718,12.684000,78.839483
2410,32.061767,14.049000,71.179443
2411,32.074763,12.996000,76.946753
2412,32.088006,13.243000,75.511591
2413,32.101482,13.476000,74.205996
2414,32.114778,13.296000,75.210590
2415,32.127927,13.149000,76.051411
2416,32.141619,13.692000,73.035349
2417,32.154698,13.079000,76.458445
2418,32.167947,13.249000,75.477395
2419,32.181454,13.507000,74.035685
2420,32.194797,13.343000,74.945664
2421,32.208028,13.231000,75.580077
2422,32.221719,13.691000,73.040684
2423,32.235156,13.437000,74.421374
2424,32.248008,12.852000,77.808901
2425,32.261420,13.412000,74.560095
2426,32.274970,13.550000,73.800738
2427,32.287870,12.900000,77.519380
2428,32.301366,13.496000,74.096028
2429,32.314856,13.490000,74.128984
2430,32.327831,12.975000,77.071291
2431,32.341506,13.675000,73.126143
2432,32.354699,13.193000,75.797772
2433,32.367961,13.262000,75.403408
2434,32.381346,13.385000,74.710497
2435,32.394668,13.322000,75.063804
2436,32.407973,13.305000,75.159714
2437,32.421324,13.351000,74.900756
2438,32.434656,13.332000,75.007501
2439,32.447814,13.158000,75.999392
2440,32.461392,13.578000,73.648549
2441,32.474779,13.387000,74.699335
2442,32.487828,13.049000,76.634225
2443,32.501751,13.923000,71.823601
2444,32.514924,13.173000,75.912852
2445,32.527999,13.075000,76.481836
2446,32.541694,13.695000,73.019350
2447,32.554684,12.990000,76.982294
2448,32.567903,13.219000,75.648687
2449,32.581440,13.537000,73.871611
2450,32.594643,13.203000,75.740362
2451,32.607875,13.232000,75.574365
2452,32.621445,13.570000,73.691968
2453,32.634678,13.233000,75.568654
2454,32.647888,13.210000,75.700227
2455,32.661376,13.488000,74.139976
2456,32.674780,13.404000,74.604596
2457,32.687884,13.104000,76.312576
2458,32.701593,13.709000,72.944781
2459,32.714815,13.222000,75.631523
2460,32.727761,12.946000,77.243936
2461,32.743328,15.567000,64.238453
2462,32.754844,11.516000,86.835707
2463,32.767874,13.030000,76.745971
2464,32.781508,13.634000,73.346047
2465,32.794834,13.326000,75.041273
2466,32.807684,12.850000,77.821012
2467,32.821535,13.851000,72.196953
2468,32.834822,13.287000,75.261534
2469,32.847777,12.955000,77.190274
2470,32.861364,13.587000,73.599764
2471,32.874721,13.357000,74.867111
2472,32.887808,13.087000,76.411706
2473,32.901444,13.636000,73.335289
2474,32.914984,13.540000,73.855244
2475,32.927748,12.764000,78.345346
2476,32.941263,13.515000,73.991861
2477,32.958066,16.803000,59.513182
2478,32.967842,9.776000,102.291326
2479,32.981310,13.468000,74.250074
2480,32.994727,13.417000,74.532310
2481,33.007780,13.053000,76.610741
2482,33.021428,13.648000,73.270809
2483,33.034947,13.519000,73.969968
2484,33.047870,12.923000,77.381413
2485,33.061407,13.537000,73.871611
2486,33.074677,13.270000,75.357950
2487,33.097848,23.171000,43.157395
2488,33.101360,3.512000,284.738041
2489,33.115431,14.071000,71.068154
2490,33.129409,13.978000,71.540993
2491,33.141488,12.079000,82.788310
2492,33.154725,13.237000,75.545819
2493,33.168016,13.291000,75.238883
2494,33.181416,13.400000,74.626866
2495,33.194897,13.481000,74.178473
2496,33.208208,13.311000,75.125836
2497,33.221619,13.411000,74.565655
2498,33.234903,13.284000,75.278531
2499,33.247893,12.990000,76.982294
2500,33.261359,13.466000,74.261102
2501,33.274664,13.305000,75.159714
2502,33.287801,13.137000,76.120880
2503,33.301408,13.607000,73.491585
2504,33.314654,13.246000,75.494489
2505,33.327739,13.085000,76.423386
2506,33.341345,13.606000,73.496987
2507,33.354482,13.137000,76.120880
2508,33.367814,13.332000,75.007501
2509,33.381302,13.488000,74.139976
2510,33.394651,13.349000,74.911978
2511,33.407868,13.217000,75.660135
2512,33.421245,13.377000,74.755177
2513,33.434545,13.300000,75.187970
2514,33.447688,13.143000,76.086129
2515,33.461255,13.567000,73.708263
2516,33.474695,13.440000,74.404762
2517,33.487749,13.054000,76.604872
2518,33.501205,13.456000,74.316290
2519,33.514561,13.356000,74.872716
2520,33.527620,13.059000,76.575542
2521,33.541552,13.932000,71.777204
2522,33.554464,12.912000,77.447336
2523,33.567790,13.326000,75.041273
2524,33.581419,13.629000,73.372955
2525,33.594502,13.083000,76.435068
2526,33.607661,13.159000,75.993617
2527,33.621201,13.540000,73.855244
2528,33.634705,13.504000,74.052133
2529,33.647796,13.091000,76.388358
2530,33.661324,13.528000,73.920757
2531,33.674945,13.621000,73.416049
2532,33.687759,12.814000,78.039644
2533,33.701227,13.468000,74.250074
2534,33.714566,13.339000,74.968139
2535,33.727558,12.992000,76.970443
2536,33.741370,13.812000,72.400811
2537,33.754692,13.322000,75.063804
2538,33.767673,12.981000,77.035668
2539,33.781185,13.512000,74.008289
2540,33.794767,13.582000,73.626859
2541,33.807648,12.881000,77.633724
2542,33.821468,13.820000,72.358900
2543,33.834440,12.972000,77.089115
2544,33.847717,13.277000,75.318219
2545,33.861391,13.674000,73.131490
2546,33.874724,13.333000,75.001875
2547,33.887562,12.838000,77.893753
2548,33.901108,13.546000,73.822531
2549,33.914453,13.345000,74.934432
2550,33.927586,13.133000,76.144065
2551,33.941265,13.679000,73.104759
2552,33.954755,13.490000,74.128984
2553,33.967780,13.025000,76.775432
2554,33.981159,13.379000,74.744002
2555,33.994765,13.606000,73.496987
2556,34.007530,12.765000,78.339209
2557,34.021111,13.581000,73.632280
2558,34.034523,13.412000,74.560095
2559,34.047507,12.984000,77.017868
2560,34.061040,13.533000,73.893446
2561,34.074386,13.346000,74.928818
2562,34.087486,13.100000,76.335878
2563,34.101236,13.750000,72.727273
2564,34.114426,13.190000,75.815011
2565,34.127585,13.159000,75.993617
2566,34.141147,13.562000,73.735437
2567,34.154680,13.533000,73.893446
2568,34.167576,12.896000,77.543424
2569,34.181032,13.456000,74.316290
2570,34.194413,13.381000,74.732830
2571,34.207682,13.269000,75.363630
2572,34.221263,13.581000,73.632280
2573,34.234336,13.073000,76.493536
2574,34.247622,13.286000,75.267199
2575,34.261350,13.728000,72.843823
2576,34.274418,13.068000,76.522804
2577,34.287872,13.454000,74.327338
2578,34.301133,13.261000,75.409094
2579,34.314770,13.637000,73.329911
2580,34.327808,13.038000,76.698880
2581,34.341387,13.579000,73.643125
2582,34.354686,13.299000,75.193624
2583,34.367974,13.288000,75.255870
2584,34.381442,13.468000,74.250074
2585,34.394977,13.535000,73.882527
2586,34.407988,13.011000,76.858043
2587,34.421396,13.408000,74.582339
2588,34.434723,13.327000,75.035642
2589,34.448115,13.392000,74.671446
2590,34.461514,13.399000,74.632435
2591,34.475373,13.859000,72.155278
2592,34.488037,12.664000,78.963992
2593,34.501347,13.310000,75.131480
2594,34.515158,13.811000,72.406053
2595,34.528025,12.867000,77.718194
2596,34.541192,13.167000,75.947444
2597,34.554367,13.175000,75.901328
2598,34.567645,13.278000,75.312547
2599,34.581102,13.457000,74.310768
2600,34.594435,13.333000,75.001875
2601,34.607805,13.370000,74.794316
2602,34.621082,13.277000,75.318219
2603,34.634497,13.415000,74.543422
2604,34.647670,13.173000,75.912852
2605,34.661135,13.465000,74.266617
2606,34.674395,13.260000,75.414781
2607,34.687714,13.319000,75.080712
2608,34.701076,13.362000,74.839096
2609,34.714473,13.397000,74.643577
2610,34.727755,13.282000,75.289866
2611,34.741013,13.258000,75.426158
2612,34.754344,13.331000,75.013127
2613,34.767679,13.335000,74.990626
2614,34.781099,13.420000,74.515648
2615,34.794326,13.227000,75.602933
2616,34.807451,13.125000,76.190476
2617,34.821082,13.631000,73.362189
2618,34.834394,13.312000,75.120192
2619,34.847591,13.197000,75.774797
2620,34.861203,13.612000,73.464590
2621,34.874366,13.163000,75.970523
2622,34.887525,13.159000,75.993617
2623,34.901030,13.505000,74.046649
2624,34.914356,13.326000,75.041273
2625,34.927551,13.195000,75.786283
2626,34.941021,13.470000,74.239050
2627,34.954289,13.268000,75.369310
2628,34.967788,13.499000,74.079561
2629,34.981065,13.277000,75.318219
2630,34.994406,13.341000,74.956900
2631,35.007636,13.230000,75.585790
2632,35.021293,13.657000,73.222523
2633,35.034299,13.006000,76.887590
2634,35.047557,13.258000,75.426158
2635,35.060944,13.387000,74.699335
2636,35.074632,13.688000,73.056692
2637,35.087433,12.801000,78.118897
2638,35.101154,13.721000,72.880985
2639,35.114356,13.202000,75.746099
2640,35.127500,13.144000,76.080341
2641,35.141020,13.520000,73.964497
2642,35.154259,13.239000,75.534406
2643,35.167518,13.259000,75.420469
2644,35.181226,13.708000,72.950102
2645,35.194236,13.010000,76.863951
2646,35.207505,13.269000,75.363630
2647,35.221273,13.768000,72.632191
2648,35.234618,13.345000,74.934432
2649,35.247735,13.117000,76.236944
2650,35.261273,13.538000,73.866155
2651,35.274612,13.339000,74.968139
2652,35.288027,13.415000,74.543422
2653,35.301553,13.526000,73.931687
2654,35.314311,12.758000,78.382192
2655,35.327519,13.208000,75.711690
2656,35.341065,13.546000,73.822531
2657,35.354275,13.210000,75.700227
2658,35.367325,13.050000,76.628352
2659,35.381232,13.907000,71.906234
2660,35.394243,13.011000,76.858043
2661,35.407383,13.140000,76.103501
2662,35.420952,13.569000,73.697398
2663,35.434201,13.249000,75.477395
2664,35.447873,13.672000,73.142188
2665,35.460967,13.094000,76.370857
2666,35.474608,13.641000,73.308408
2667,35.487446,12.838000,77.893753
2668,35.500927,13.481000,74.178473
2669,35.514368,13.441000,74.399226
2670,35.527989,13.621000,73.416049
2671,35.541582,13.593000,73.567277
2672,35.554570,12.988000,76.994148
2673,35.567655,13.085000,76.423386
2674,35.581393,13.738000,72.790799
2675,35.594531,13.138000,76.115086
2676,35.607654,13.123000,76.202088
2677,35.621237,13.583000,73.621439
2678,35.634644,13.407000,74.587902
2679,35.647760,13.116000,76.242757
2680,35.661383,13.623000,73.405270
2681,35.674961,13.578000,73.648549
2682,35.687684,12.723000,78.597815
2683,35.701236,13.552000,73.789847
2684,35.714528,13.292000,75.233223
2685,35.727633,13.105000,76.306753
2686,35.741224,13.591000,73.578103
2687,35.754487,13.263000,75.397723
2688,35.767445,12.958000,77.172403
2689,35.781007,13.562000,73.735437
2690,35.794354,13.347000,74.923204
2691,35.807508,13.154000,76.022503
2692,35.821136,13.628000,73.378339
2693,35.834478,13.342000,74.951282
2694,35.847591,13.113000,76.260200
2695,35.860861,13.270000,75.357950
2696,35.874421,13.560000,73.746313
2697,35.887153,12.732000,78.542256
2698,35.901063,13.910000,71.890726
2699,35.914513,13.450000,74.349442
2700,35.927685,13.172000,75.918615
2701,35.941448,13.763000,72.658577
2702,35.954637,13.189000,75.820760
2703,35.967391,12.754000,78.406774
2704,35.981441,14.050000,71.174377
2705,35.994675,13.234000,75.562944
2706,36.007272,12.597000,79.383980
2707,36.021983,14.711000,67.976344
2708,36.034510,12.527000,79.827572
2709,36.047967,13.457000,74.310768
2710,36.061046,13.079000,76.458445
2711,36.074466,13.420000,74.515648
2712,36.087294,12.828000,77.954475
2713,36.100936,13.642000,73.303035
2714,36.114458,13.522000,73.953557
2715,36.127256,12.798000,78.137209
2716,36.141080,13.824000,72.337963
2717,36.154320,13.240000,75.528701
2718,36.167290,12.970000,77.101002
2719,36.181230,13.940000,71.736011
2720,36.194409,13.179000,75.878291
2721,36.207265,12.856000,77.784692
2722,36.220997,13.732000,72.822604
2723,36.234208,13.211000,75.694497
2724,36.247382,13.174000,75.907090
2725,36.260776,13.394000,74.660296
2726,36.274397,13.621000,73.416049
2727,36.287335,12.938000,77.291699
2728,36.300782,13.447000,74.366030
2729,36.314421,13.639000,73.319158
2730,36.327300,12.879000,77.645780
2731,36.340914,13.614000,73.453798
2732,36.354103,13.189000,75.820760
2733,36.367307,13.204000,75.734626
2734,36.380890,13.583000,73.621439
2735,36.394309,13.419000,74.521201
2736,36.407358,13.049000,76.634225
2737,36.420796,13.438000,74.415836
2738,36.434248,13.452000,74.338388
2739,36.447354,13.106000,76.300931
2740,36.460812,13.458000,74.305246
2741,36.474303,13.491000,74.123490
2742,36.487355,13.052000,76.616610
2743,36.500864,13.509000,74.024724
2744,36.514142,13.278000,75.312547
2745,36.527393,13.251000,75.466003
2746,36.540742,13.349000,74.911978
2747,36.554116,13.374000,74.771946
2748,36.567212,13.096000,76.359194
2749,36.580791,13.579000,73.643125
2750,36.594211,13.420000,74.515648
2751,36.607312,13.101000,76.330051
2752,36.620826,13.514000,73.997336
2753,36.634185,13.359000,74.855902
2754,36.647338,13.153000,76.028283
2755,36.660840,13.502000,74.063102
2756,36.674158,13.318000,75.086349
2757,36.687464,13.306000,75.154066
2758,36.700861,13.397000,74.643577
2759,36.714228,13.367000,74.811102
2760,36.727306,13.078000,76.464291
2761,36.740816,13.510000,74.019245
2762,36.754054,13.238000,75.540112
2763,36.767410,13.356000,74.872716
2764,36.781098,13.688000,73.056692
2765,36.794124,13.026000,76.769538
2766,36.807315,13.191000,75.809264
2767,36.820743,13.428000,74.471254
2768,36.834410,13.667000,73.168947
2769,36.847283,12.873000,77.681970
2770,36.860791,13.508000,74.030204
2771,36.874418,13.627000,73.383723
2772,36.887190,12.772000,78.296273
2773,36.900915,13.725000,72.859745
2774,36.914010,13.095000,76.365025
2775,36.927233,13.223000,75.625804
2776,36.940715,13.482000,74.172971
2777,36.954294,13.579000,73.643125
2778,36.967176,12.882000,77.627698
2779,36.980652,13.476000,74.205996
2780,36.994208,13.556000,73.768073
2781,37.007445,13.237000,75.545819
2782,37.020632,13.187000,75.832259
2783,37.034044,13.412000,74.560095
2784,37.047274,13.230000,75.585790
2785,37.061064,13.790000,72.516316
2786,37.074287,13.223000,75.625804
2787,37.087227,12.940000,77.279753
2788,37.100584,13.357000,74.867111
2789,37.114095,13.511000,74.013767
2790,37.127077,12.982000,77.029733
2791,37.140617,13.540000,73.855244
2792,37.154058,13.441000,74.399226
2793,37.167266,13.208000,75.711690
2794,37.181093,13.827000,72.322268
2795,37.194270,13.177000,75.889808
2796,37.207163,12.893000,77.561467
2797,37.220691,13.528000,73.920757
2798,37.233905,13.214000,75.677312
2799,37.247254,13.349000,74.911978
2800,37.260615,13.361000,74.844697
2801,37.273889,13.274000,75.335242
2802,37.287021,13.132000,76.149863
2803,37.300666,13.645000,73.286918
2804,37.313984,13.318000,75.086349
2805,37.326945,12.961000,77.154541
2806,37.340792,13.847000,72.217809
2807,37.353833,13.041000,76.681236
2808,37.366986,13.153000,76.028283
2809,37.380799,13.813000,72.395569
2810,37.394169,13.370000,74.794316
2811,37.407093,12.924000,77.375426
2812,37.420449,13.356000,74.872716
2813,37.434201,13.752000,72.716696
2814,37.447040,12.839000,77.887686
2815,37.460930,13.890000,71.994240
2816,37.473900,12.970000,77.101002
2817,37.487645,13.745000,72.753729
2818,37.500903,13.258000,75.426158
2819,37.514354,13.451000,74.343915
2820,37.527436,13.082000,76.440911
2821,37.541066,13.630000,73.367572
2822,37.554428,13.362000,74.839096
2823,37.567536,13.108000,76.289289
2824,37.581071,13.535000,73.882527
2825,37.594312,13.241000,75.522997
2826,37.607385,13.073000,76.493536
2827,37.621016,13.631000,73.362189
2828,37.634336,13.320000,75.075075
2829,37.647446,13.110000,76.277651
2830,37.660882,13.436000,74.426913
2831,37.674176,13.294000,75.221905
2832,37.687053,12.877000,77.657840
2833,37.700757,13.704000,72.971395
2834,37.714118,13.361000,74.844697
2835,37.727307,13.189000,75.820760
2836,37.741029,13.722000,72.875674
2837,37.754275,13.246000,75.494489
2838,37.767016,12.741000,78.486775
2839,37.780822,13.806000,72.432276
2840,37.794144,13.322000,75.063804
2841,37.807234,13.090000,76.394194
2842,37.820921,13.687000,73.062030
2843,37.834150,13.229000,75.591504
2844,37.847290,13.140000,76.103501
2845,37.860805,13.515000,73.991861
2846,37.874310,13.505000,74.046649
2847,37.887297,12.987000,77.000077
2848,37.900871,13.574000,73.670252
2849,37.914091,13.220000,75.642965
2850,37.927240,13.149000,76.051411
2851,37.940706,13.466000,74.261102
2852,37.954067,13.361000,74.844697
2853,37.967215,13.148000,76.057195
2854,37.980924,13.709000,72.944781
2855,37.994118,13.194000,75.792027
2856,38.007349,13.231000,75.580077
2857,38.021179,13.830000,72.306580
2858,38.034196,13.017000,76.822617
2859,38.047368,13.172000,75.918615
2860,38.060853,13.485000,74.156470
2861,38.074053,13.200000,75.757576
2862,38.086959,12.906000,77.483341
2863,38.100600,13.641000,73.308408
2864,38.114416,13.816000,72.379849
2865,38.127207,12.791000,78.179970
2866,38.140626,13.419000,74.521201
2867,38.154212,13.586000,73.605182
2868,38.167165,12.953000,77.202193
2869,38.180835,13.670000,73.152890
2870,38.193895,13.060000,76.569678
2871,38.207250,13.355000,74.878323
2872,38.220661,13.411000,74.565655
2873,38.233943,13.282000,75.289866
2874,38.247092,13.149000,76.051411
2875,38.260827,13.735000,72.806698
2876,38.273962,13.135000,76.132470
2877,38.287102,13.140000,76.103501
2878,38.300581,13.479000,74.189480
2879,38.314291,13.710000,72.939460
2880,38.327228,12.937000,77.297673
2881,38.340622,13.394000,74.660296
2882,38.353976,13.354000,74.883930
2883,38.367326,13.350000,74.906367
2884,38.380741,13.415000,74.543422
2885,38.393974,13.233000,75.568654
2886,38.407108,13.134000,76.138267
2887,38.420643,13.535000,73.882527
2888,38.434125,13.482000,74.172971
2889,38.447696,13.571000,73.686537
2890,38.460734,13.038000,76.698880
2891,38.473975,13.241000,75.522997
2892,38.487079,13.104000,76.312576
2893,38.500631,13.552000,73.789847
2894,38.513941,13.310000,75.131480
2895,38.527193,13.252000,75.460308
2896,38.540561,13.368000,74.805506
2897,38.554060,13.499000,74.079561
2898,38.567108,13.048000,76.640098
2899,38.580685,13.577000,73.653974
2900,38.593954,13.269000,75.363630
2901,38.607187,13.233000,75.568654
2902,38.620664,13.477000,74.200490
2903,38.633988,13.324000,75.052537
2904,38.647144,13.156000,76.010946
2905,38.660680,13.536000,73.877069
2906,38.674039,13.359000,74.855902
2907,38.687167,13.128000,76.173065
2908,38.700613,13.446000,74.371560
2909,38.713847,13.234000,75.562944
2910,38.726999,13.152000,76.034063
2911,38.740573,13.574000,73.670252
2912,38.754040,13.467000,74.255588
2913,38.767092,13.052000,76.616610
2914,38.780673,13.581000,73.632280
2915,38.794074,13.401000,74.621297
2916,38.807222,13.148000,76.057195
2917,38.820478,13.256000,75.437538
2918,38.833954,13.476000,74.205996
2919,38.846977,13.023000,76.787223
2920,38.860578,13.601000,73.524006
2921,38.873809,13.231000,75.580077
2922,38.887026,13.217000,75.660135
2923,38.900623,13.597000,73.545635
2924,38.913871,13.248000,75.483092
2925,38.926995,13.124000,76.196282
2926,38.940534,13.539000,73.860699
2927,38.953833,13.299000,75.193624
2928,38.966884,13.051000,76.622481
2929,38.980418,13.534000,73.887986
2930,38.993778,13.360000,74.850299
2931,39.006924,13.146000,76.068766
2932,39.020426,13.502000,74.063102
2933,39.033788,13.362000,74.839096
2934,39.046843,13.055000,76.599004
2935,39.060474,13.631000,73.362189
2936,39.073703,13.229000,75.591504
2937,39.086906,13.203000,75.740362
2938,39.100347,13.441000,74.399226
2939,39.113823,13.476000,74.205996
2940,39.126870,13.047000,76.645972
2941,39.140441,13.571000,73.686537
2942,39.153738,13.297000,75.204933
2943,39.166862,13.124000,76.196282
2944,39.180403,13.541000,73.849790
2945,39.193857,13.454000,74.327338
2946,39.207057,13.200000,75.757576
2947,39.220353,13.296000,75.210590
2948,39.233704,13.351000,74.900756
2949,39.246887,13.183000,75.855268
2950,39.260382,13.495000,74.101519
2951,39.273918,13.536000,73.877069
2952,39.286909,12.991000,76.976368
2953,39.300496,13.587000,73.599764
2954,39.313630,13.134000,76.138267
2955,39.326945,13.315000,75.103267
2956,39.340664,13.719000,72.891610
2957,39.353640,12.976000,77.065351
2958,39.366839,13.199000,75.763315
2959,39.380492,13.653000,73.243976
2960,39.393753,13.261000,75.409094
2961,39.406729,12.976000,77.065351
2962,39.420286,13.557000,73.762632
2963,39.433587,13.301000,75.182317
2964,39.446729,13.142000,76.091919
2965,39.460340,13.611000,73.469988
2966,39.473551,13.211000,75.694497
2967,39.486854,13.303000,75.171014
2968,39.500132,13.278000,75.312547
2969,39.513840,13.708000,72.950102
2970,39.526701,12.861000,77.754451
2971,39.540177,13.476000,74.205996
2972,39.553614,13.437000,74.421374
2973,39.566780,13.166000,75.953213
2974,39.582796,16.016000,62.437562
2975,39.593656,10.860000,92.081031
2976,39.606871,13.215000,75.671585
2977,39.620380,13.509000,74.024724
2978,39.633639,13.259000,75.420469
2979,39.646871,13.232000,75.574365
2980,39.660452,13.581000,73.632280
2981,39.673845,13.393000,74.665870
2982,39.687416,13.571000,73.686537
2983,39.700425,13.009000,76.869859
2984,39.713706,13.281000,75.295535
2985,39.726980,13.274000,75.335242
2986,39.740351,13.371000,74.788722
2987,39.753641,13.290000,75.244545
2988,39.766843,13.202000,75.746099
2989,39.780423,13.580000,73.637703
2990,39.793813,13.390000,74.682599
2991,39.806949,13.136000,76.126675
2992,39.820352,13.403000,74.610162
2993,39.833746,13.394000,74.660296
2994,39.846906,13.160000,75.987842
2995,39.860276,13.370000,74.794316
2996,39.873667,13.391000,74.677022
2997,39.886898,13.231000,75.580077
2998,39.900343,13.445000,74.377092
2999,39.913686,13.343000,74.945664
3000,39.926797,13.111000,76.271833
3001,39.940270,13.473000,74.222519
3002,39.953619,13.349000,74.911978
3003,39.966744,13.125000,76.190476
3004,39.980236,13.492000,74.117996
3005,39.993553,13.317000,75.091988
3006,40.006785,13.232000,75.574365
3007,40.020289,13.504000,74.052133
3008,40.033584,13.295000,75.216247
3009,40.046766,13.182000,75.861023
3010,40.060169,13.403000,74.610162
3011,40.073587,13.418000,74.526755
3012,40.086782,13.195000,75.786283
3013,40.100244,13.462000,74.283167
3014,40.113731,13.487000,74.145473
3015,40.126897,13.166000,75.953213
3016,40.140200,13.303000,75.171014
3017,40.153642,13.442000,74.393691
3018,40.166678,13.036000,76.710647
3019,40.180198,13.520000,73.964497
3020,40.193674,13.476000,74.205996
3021,40.206735,13.061000,76.563816
3022,40.220307,13.572000,73.681108
3023,40.233783,13.476000,74.205996
3024,40.246740,12.957000,77.178359
3025,40.260284,13.544000,73.833432
3026,40.273635,13.351000,74.900756
3027,40.286630,12.995000,76.952674
3028,40.300305,13.675000,73.126143
3029,40.313558,13.253000,75.454614
3030,40.326655,13.097000,76.353363
3031,40.340324,13.669000,73.158241
3032,40.353553,13.229000,75.591504
3033,40.366659,13.106000,76.300931
3034,40.380277,13.618000,73.432222
3035,40.393587,13.310000,75.131480
3036,40.406712,13.125000,76.190476
3037,40.420247,13.535000,73.882527
3038,40.433560,13.313000,75.114550
3039,40.446763,13.203000,75.740362
3040,40.460359,13.596000,73.551044
3041,40.473572,13.213000,75.683039
3042,40.486659,13.087000,76.411706
3043,40.500300,13.641000,73.308408
3044,40.513617,13.317000,75.091988
3045,40.526814,13.197000,75.774797
3046,40.540261,13.447000,74.366030
3047,40.553627,13.366000,74.816699
3048,40.566748,13.121000,76.213703
3049,40.580278,13.530000,73.909830
3050,40.593644,13.366000,74.816699
3051,40.606862,13.218000,75.654411
3052,40.620326,13.464000,74.272133
3053,40.633531,13.205000,75.728891
3054,40.646772,13.241000,75.522997
3055,40.660279,13.507000,74.035685
3056,40.673516,13.237000,75.545819
3057,40.686724,13.208000,75.711690
3058,40.700401,13.677000,73.115449
3059,40.713537,13.136000,76.126675
3060,40.726856,13.319000,75.080712
3061,40.740115,13.259000,75.420469
3062,40.753520,13.405000,74.599030
3063,40.766621,13.101000,76.330051
3064,40.780409,13.788000,72.526835
3065,40.793621,13.212000,75.688768
3066,40.806580,12.959000,77.166448
3067,40.820138,13.558000,73.757191
3068,40.833508,13.370000,74.794316
3069,40.846548,13.040000,76.687117
3070,40.860265,13.717000,72.902238
3071,40.873488,13.223000,75.625804
3072,40.886613,13.125000,76.190476
3073,40.900223,13.610000,73.475386
3074,40.913488,13.265000,75.386355
3075,40.926583,13.095000,76.365025
3076,40.940480,13.897000,71.957977
3077,40.953672,13.192000,75.803517
3078,40.966503,12.831000,77.936248
3079,40.980336,13.833000,72.290899
3080,40.993484,13.148000,76.057195
3081,41.006546,13.062000,76.557954
3082,41.020722,14.176000,70.541761
3083,41.034208,13.486000,74.150971
3084,41.047282,13.074000,76.487685
3085,41.060281,12.999000,76.928995
3086,41.078033,17.752000,56.331681
3087,41.086554,8.521000,117.357118
3088,41.100142,13.588000,73.594348
3089,41.113417,13.275000,75.329567
3090,41.126684,13.267000,75.374991
3091,41.140013,13.329000,75.024383
3092,41.153345,13.332000,75.007501
3093,41.166502,13.157000,76.005168
3094,41.180319,13.817000,72.374611
3095,41.193381,13.062000,76.557954
3096,41.206530,13.149000,76.051411
3097,41.220228,13.698000,73.003358
3098,41.233356,13.128000,76.173065
3099,41.246459,13.103000,76.318400
3100,41.260237,13.778000,72.579475
3101,41.273568,13.331000,75.013127
3102,41.286391,12.823000,77.984871
3103,41.300203,13.812000,72.400811
3104,41.313314,13.111000,76.271833
3105,41.326444,13.130000,76.161462
3106,41.340217,13.773000,72.605823
3107,41.353550,13.333000,75.001875
3108,41.366568,13.018000,76.816715
3109,41.380216,13.648000,73.270809
3110,41.393528,13.312000,75.120192
3111,41.406795,13.267000,75.374991
3112,41.420358,13.563000,73.730001
3113,41.433551,13.193000,75.797772
3114,41.447024,13.473000,74.222519
3115,41.460410,13.386000,74.704916
3116,41.473715,13.305000,75.159714
3117,41.486922,13.207000,75.717423
3118,41.501302,14.380000,69.541029
3119,41.513629,12.327000,81.122739
3120,41.526850,13.221000,75.637244
3121,41.540049,13.199000,75.763315
3122,41.553902,13.853000,72.186530
3123,41.566760,12.858000,77.772593
3124,41.580280,13.520000,73.964497
3125,41.593670,13.390000,74.682599
3126,41.606649,12.979000,77.047538
3127,41.620067,13.418000,74.526755
3128,41.633469,13.402000,74.615729
3129,41.646670,13.201000,75.751837
3130,41.660264,13.594000,73.561866
3131,41.673420,13.156000,76.010946
3132,41.686578,13.158000,75.999392
3133,41.700067,13.489000,74.134480
3134,41.713246,13.179000,75.878291
3135,41.726650,13.404000,74.604596
3136,41.740057,13.407000,74.587902
3137,41.753330,13.273000,75.340918
3138,41.766540,13.210000,75.700227
3139,41.780016,13.476000,74.205996
3140,41.793630,13.614000,73.453798
3141,41.806495,12.865000,77.730276
3142,41.820042,13.547000,73.817081
3143,41.833668,13.626000,73.389109
3144,41.846457,12.789000,78.192196
3145,41.860221,13.764000,72.653298
3146,41.873259,13.038000,76.698880
3147,41.886670,13.411000,74.565655
3148,41.900533,13.863000,72.134459
3149,41.913335,12.802000,78.112795
3150,41.926707,13.372000,74.783129
3151,41.939987,13.280000,75.301205
3152,41.953436,13.449000,74.354971
3153,41.966387,12.951000,77.214115
3154,41.979985,13.598000,73.540227
3155,41.993260,13.275000,75.329567
3156,42.006476,13.216000,75.665860
3157,42.019988,13.512000,74.008289
3158,42.033245,13.257000,75.431847
3159,42.046745,13.500000,74.074074
3160,42.060002,13.257000,75.431847
3161,42.073361,13.359000,74.855902
3162,42.086450,13.089000,76.400031
3163,42.099950,13.500000,74.074074
3164,42.113280,13.330000,75.018755
3165,42.126426,13.146000,76.068766
3166,42.139984,13.558000,73.757191
3167,42.153271,13.287000,75.261534
3168,42.166409,13.138000,76.115086
3169,42.179940,13.531000,73.904368
3170,42.193311,13.371000,74.788722
3171,42.206390,13.079000,76.458445
3172,42.219972,13.582000,73.626859
3173,42.233253,13.281000,75.295535
3174,42.246453,13.200000,75.757576
3175,42.259889,13.436000,74.426913
3176,42.273370,13.481000,74.178473
3177,42.286436,13.066000,76.534517
3178,42.299983,13.547000,73.817081
3179,42.313297,13.314000,75.108908
3180,42.326359,13.062000,76.557954
3181,42.339882,13.523000,73.948088
3182,42.353392,13.510000,74.019245
3183,42.366392,13.000000,76.923077
3184,42.379913,13.521000,73.959027
3185,42.393325,13.412000,74.560095
3186,42.406514,13.189000,75.820760
3187,42.420003,13.489000,74.134480
3188,42.433211,13.208000,75.711690
3189,42.446407,13.196000,75.780540
3190,42.459879,13.472000,74.228029
3191,42.473291,13.412000,74.560095
3192,42.486380,13.089000,76.400031
3193,42.499920,13.540000,73.855244
3194,42.513281,13.361000,74.844697
3195,42.526463,13.182000,75.861023
3196,42.539988,13.525000,73.937153
3197,42.553139,13.151000,76.039845
3198,42.566390,13.251000,75.466003
3199,42.579972,13.582000,73.626859
3200,42.593231,13.259000,75.420469
3201,42.606451,13.220000,75.642965
3202,42.620014,13.563000,73.730001
3203,42.633248,13.234000,75.562944
3204,42.646530,13.282000,75.289866
3205,42.660047,13.517000,73.980913
3206,42.673270,13.223000,75.625804
3207,42.686496,13.226000,75.608650
3208,42.699944,13.448000,74.360500
3209,42.713257,13.313000,75.114550
3210,42.726406,13.149000,76.051411
3211,42.739907,13.501000,74.068588
3212,42.753142,13.235000,75.557235
3213,42.766396,13.254000,75.448921
3214,42.779867,13.471000,74.233539
3215,42.793151,13.284000,75.278531
3216,42.806240,13.089000,76.400031
3217,42.819849,13.609000,73.480785
3218,42.833375,13.526000,73.931687
3219,42.846253,12.878000,77.651809
3220,42.859794,13.541000,73.849790
3221,42.873441,13.647000,73.276178
3222,42.886356,12.915000,77.429346
3223,42.899890,13.534000,73.887986
3224,42.913238,13.348000,74.917591
3225,42.926414,13.176000,75.895568
3226,42.940078,13.664000,73.185012
3227,42.953150,13.072000,76.499388
3228,42.966302,13.152000,76.034063
3229,42.979800,13.498000,74.085050
3230,42.993270,13.470000,74.239050
3231,43.006310,13.040000,76.687117
3232,43.019756,13.446000,74.371560
3233,43.033133,13.377000,74.755177
3234,43.046366,13.233000,75.568654
3235,43.059734,13.368000,74.805506
3236,43.073084,13.350000,74.906367
3237,43.086258,13.174000,75.907090
3238,43.100130,13.872000,72.087659
3239,43.113017,12.887000,77.597579
3240,43.126419,13.402000,74.615729
3241,43.139823,13.404000,74.604596
3242,43.153163,13.340000,74.962519
3243,43.166346,13.183000,75.855268
3244,43.179798,13.452000,74.338388
3245,43.193243,13.445000,74.377092
3246,43.206416,13.173000,75.912852
3247,43.219812,13.396000,74.649149
3248,43.233164,13.352000,74.895147
3249,43.246383,13.219000,75.648687
3250,43.259836,13.453000,74.332863
3251,43.273294,13.458000,74.305246
3252,43.286493,13.199000,75.763315
3253,43.299725,13.232000,75.574365
3254,43.313239,13.514000,73.997336
3255,43.326390,13.151000,76.039845
3256,43.339931,13.541000,73.849790
3257,43.353312,13.381000,74.732830
3258,43.366335,13.023000,76.787223
3259,43.379708,13.373000,74.777537
3260,43.393130,13.422000,74.504545
3261,43.406348,13.218000,75.654411
3262,43.419766,13.418000,74.526755
3263,43.433092,13.326000,75.041273
3264,43.446388,13.296000,75.210590
3265,43.459669,13.281000,75.295535
3266,43.473148,13.479000,74.189480
3267,43.486380,13.232000,75.574365
3268,43.499772,13.392000,74.671446
3269,43.513102,13.330000,75.018755
3270,43.526446,13.344000,74.940048
3271,43.539794,13.348000,74.917591
3272,43.553051,13.257000,75.431847
3273,43.566299,13.248000,75.483092
3274,43.579909,13.610000,73.475386
3275,43.593090,13.181000,75.866778
3276,43.606511,13.421000,74.510096
3277,43.619758,13.247000,75.488790
3278,43.633169,13.411000,74.565655
3279,43.646358,13.189000,75.820760
3280,43.659797,13.439000,74.410298
3281,43.673098,13.301000,75.182317
3282,43.686343,13.245000,75.500189
3283,43.699764,13.421000,74.510096
3284,43.713133,13.369000,74.799910
3285,43.726301,13.168000,75.941677
3286,43.739809,13.508000,74.030204
3287,43.753034,13.225000,75.614367
3288,43.766215,13.181000,75.866778
3289,43.779703,13.488000,74.139976
3290,43.793028,13.325000,75.046904
3291,43.806199,13.171000,75.924379
3292,43.819576,13.377000,74.755177
3293,43.832922,13.346000,74.928818
3294,43.846289,13.367000,74.811102
3295,43.859624,13.335000,74.990626
3296,43.873003,13.379000,74.744002
3297,43.886260,13.257000,75.431847
3298,43.899583,13.323000,75.058170
3299,43.913108,13.525000,73.937153
3300,43.926193,13.085000,76.423386
3301,43.939649,13.456000,74.316290
3302,43.953092,13.443000,74.388157
3303,43.966310,13.218000,75.654411
3304,43.979730,13.420000,74.515648
3305,43.993104,13.374000,74.771946
3306,44.006259,13.155000,76.016724
3307,44.019511,13.252000,75.460308
3308,44.033098,13.587000,73.599764
3309,44.046361,13.263000,75.397723
3310,44.059607,13.246000,75.494489
3311,44.073189,13.582000,73.626859
3312,44.086888,13.699000,72.998029
3313,44.099694,12.806000,78.088396
3314,44.112962,13.268000,75.369310
3315,44.126126,13.164000,75.964752
3316,44.139698,13.572000,73.681108
3317,44.152909,13.211000,75.694497
3318,44.166023,13.114000,76.254385
3319,44.179654,13.631000,73.362189
3320,44.193010,13.356000,74.872716
3321,44.206220,13.210000,75.700227
3322,44.219796,13.576000,73.659399
3323,44.233000,13.204000,75.734626
3324,44.246204,13.204000,75.734626
3325,44.259579,13.375000,74.766355
3326,44.273099,13.520000,73.964497
3327,44.286093,12.994000,76.958596
3328,44.299655,13.562000,73.735437
3329,44.312912,13.257000,75.431847
3330,44.326101,13.189000,75.820760
3331,44.339623,13.522000,73.953557
3332,44.353110,13.487000,74.145473
3333,44.366445,13.335000,74.990626
3334,44.379853,13.408000,74.582339
3335,44.393289,13.436000,74.426913
3336,44.406291,13.002000,76.911244
3337,44.420086,13.795000,72.490033
3338,44.433257,13.171000,75.924379
3339,44.446564,13.307000,75.148418
3340,44.460230,13.666000,73.174301
3341,44.473328,13.098000,76.347534
3342,44.486569,13.241000,75.522997
3343,44.500004,13.435000,74.432453
3344,44.513429,13.425000,74.487896
3345,44.526483,13.054000,76.604872
3346,44.539984,13.501000,74.068588
3347,44.553281,13.297000,75.204933
3348,44.566427,13.146000,76.068766
3349,44.579913,13.486000,74.150971
3350,44.593218,13.305000,75.159714
3351,44.606437,13.219000,75.648687
3352,44.619963,13.526000,73.931687
3353,44.633228,13.265000,75.386355
3354,44.646448,13.220000,75.642965
3355,44.659949,13.501000,74.068588
3356,44.673298,13.349000,74.911978
3357,44.686704,13.406000,74.593466
3358,44.700104,13.400000,74.626866
3359,44.713401,13.297000,75.204933
3360,44.726357,12.956000,77.184316
3361,44.739713,13.356000,74.872716
3362,44.753186,13.473000,74.222519
3363,44.766497,13.311000,75.125836
3364,44.780030,13.533000,73.893446
3365,44.793304,13.274000,75.335242
3366,44.806353,13.049000,76.634225
3367,44.819861,13.508000,74.030204
3368,44.833045,13.184000,75.849515
3369,44.846299,13.254000,75.448921
3370,44.859825,13.526000,73.931687
3371,44.879145,19.320000,51.759834
3372,44.891265,12.120000,82.508251
3373,44.900044,8.779000,113.908190
3374,44.932686,32.642000,30.635378
3375,44.932732,0.046000,21739.130435
3376,44.932745,0.013000,76923.076923
3377,44.940555,7.810000,128.040973
3378,44.946798,6.243000,160.179401
3379,44.954343,7.545000,132.538105
3380,44.961137,6.794000,147.188696
3381,44.967721,6.584000,151.883354
3382,44.974998,7.277000,137.419266
3383,44.981846,6.848000,146.028037
3384,44.988287,6.441000,155.255395
3385,44.995710,7.423000,134.716422
3386,45.002527,6.817000,146.692093
